0.110168, 0.0530933, 0.11502, 0.16239, 
0.112003, 0.053853, 0.116593, 0.165564, 
0.112364, 0.0540546, 0.116919, 0.166119, 
0.061325
0.169439
0.130966
0.056466
0.174438
0.120417
0.056586
0.179999
0.11687
0.053641
0.16474
0.116159
0.054182
0.166113
0.116239
0.054081
0.16454
0.115177
0.054202
0.16493
0.115267
0.061666
0.166183
0.116349
0.053761
0.165582
0.115958
0.053691
0.16468
0.11661
0.053531
0.16498
0.116229
0.053782
0.164449
0.115838
0.053491
0.164219
0.117551
0.053861
0.165662
0.115337
0.054582
0.165352
0.116098
0.054323
0.164309
0.116249
0.05359
0.165021
0.11674
0.054082
0.164619
0.115578
0.054091
0.164399
0.115498
0.05346
0.16456
0.116439
0.053862
0.166123
0.11699
0.053731
0.164229
0.116259
0.053581
0.165151
0.115578
0.053972
0.165161
0.11662
0.054793
0.190459
0.116229
0.053941
0.16494
0.116519
0.053651
0.165481
0.115688
0.053471
0.165962
0.116599
0.054031
0.165071
0.116469
0.053691
0.16469
0.115938
0.054082
0.164791
0.115578
0.054192
0.164309
0.115898
0.054001
0.1649
0.115758
0.056286
0.168176
0.115567
0.053841
0.165051
0.11691
0.053851
0.165482
0.1169
0.053732
0.16449
0.115989
0.053591
0.164981
0.115798
0.053791
0.165021
0.11714
0.053731
0.16474
0.115938
0.053972
0.164489
0.115989
0.053421
0.163929
0.11686
0.053691
0.164159
0.11696
0.054032
0.16464
0.115798
0.055004
0.16482
0.115938
0.053972
0.166423
0.117571
0.054332
0.165011
0.116158
0.053942
0.164851
0.117732
0.053681
0.16485
0.115397
0.054131
0.165231
0.116099
0.054051
0.165481
0.116029
0.054112
0.165431
0.11643
0.054623
0.165251
0.115447
0.054192
0.165672
0.115768
0.053651
0.164499
0.115478
0.053891
0.165903
0.115447
0.053831
0.166884
0.116369
0.053821
0.16474
0.11688
0.054072
0.1647
0.116449
0.054132
0.166534
0.11654
0.053421
0.16494
0.115507
0.053761
0.16443
0.116068
0.053621
0.165662
0.116279
0.053751
0.165481
0.115978
0.053801
0.16449
0.115657
0.054052
0.165642
0.115498
0.053631
0.164079
0.116349
0.053681
0.16466
0.116419
0.054322
0.165582
0.116028
0.054402
0.16487
0.116088
0.053772
0.16462
0.116138
0.053882
0.164379
0.116589
0.053621
0.165011
0.116188
0.054262
0.165211
0.115628
0.054112
0.16475
0.115578
0.05314
0.163648
0.115727
0.053511
0.16453
0.117892
0.054373
0.165281
0.11643
0.054132
0.165241
0.115718
0.053661
0.16463
0.11695
0.054102
0.16443
0.115888
0.054373
0.165241
0.115958
0.053681
0.16483
0.115758
0.054613
0.164951
0.115518
0.054022
0.165552
0.115788
0.053551
0.165511
0.116288
0.053721
0.16474
0.115868
0.054002
0.165601
0.117401
0.053731
0.165642
0.116028
0.053861
0.165051
0.115507
0.054543
0.165211
0.116389
0.054492
0.164891
0.115477
0.053671
0.165271
0.11684
0.054423
0.16459
0.116569
0.055284
0.165681
0.116569
0.053741
0.16459
0.116369
0.054323
0.164359
0.116349
0.053762
0.16476
0.116419
0.053851
0.166533
0.115888
0.0534
0.165651
0.1169
0.053651
0.165862
0.115768
0.055445
0.165101
0.115578
0.054272
0.164449
0.115808
0.053751
0.165061
0.116689
0.053942
0.16483
0.11686
0.054683
0.1648
0.11693
0.054513
0.165712
0.11676
0.053701
0.16476
0.115848
0.05351
0.16469
0.115828
0.054182
0.16504
0.116109
0.053781
0.164771
0.116169
0.054293
0.174007
0.116981
0.053962
0.16486
0.115337
0.054963
0.165081
0.115988
0.053942
0.165321
0.115998
0.053601
0.1649
0.116008
0.053581
0.165462
0.115417
0.053841
0.166173
0.117071
0.05364
0.165161
0.115408
0.054332
0.164549
0.115808
0.054602
0.165581
0.11686
0.053991
0.165381
0.116289
0.054142
0.165992
0.115788
0.054432
0.165201
0.115628
0.054673
0.165731
0.116089
0.05347
0.1649
0.116419
0.053921
0.164851
0.1168
0.054212
0.16465
0.115578
0.054042
0.16459
0.118253
0.054522
0.164179
0.116509
0.053531
0.1647
0.116358
0.053851
0.164379
0.116349
0.053761
0.165862
0.115988
0.054622
0.165432
0.116118
0.053991
0.16477
0.116419
0.054112
0.16477
0.115587
0.054543
0.164159
0.115888
0.053761
0.165952
0.115558
0.053942
0.164139
0.115737
0.053741
0.165241
0.115156
0.053571
0.16472
0.116028
0.053591
0.165011
0.117081
0.05362
0.165271
0.115788
0.053761
0.16478
0.115768
0.053832
0.164059
0.115747
0.053841
0.165011
0.115758
0.070924
0.167425
0.116089
0.053751
0.165631
0.116169
0.053681
0.16486
0.115557
0.054652
0.165091
0.115427
0.053711
0.165541
0.116449
0.053722
0.165672
0.11684
0.054152
0.165732
0.115688
0.053561
0.16441
0.116349
0.054473
0.164921
0.116379
0.053691
0.165421
0.1167
0.053621
0.164489
0.116259
0.054223
0.1646
0.116018
0.054442
0.16509
0.115458
0.054302
0.164289
0.116449
0.053611
0.16448
0.115487
0.0533
0.16454
0.116399
0.053702
0.165541
0.115597
0.054393
0.182123
0.11679
0.053821
0.165071
0.11696
0.054162
0.165261
0.115667
0.054332
0.16489
0.115808
0.053901
0.165261
0.11699
0.053621
0.16459
0.11663
0.053671
0.165311
0.116109
0.05362
0.165722
0.1169
0.053491
0.16456
0.115999
0.054393
0.165742
0.116439
0.053661
0.16492
0.11701
0.053821
0.165181
0.115207
0.054111
0.16487
0.115417
0.053601
0.16523
0.115518
0.054182
0.16457
0.115969
0.053691
0.164249
0.116639
0.054082
0.165371
0.116719
0.05344
0.16484
0.134554
0.054373
0.16451
0.116289
0.053771
0.164871
0.116088
0.053881
0.165772
0.116369
0.054212
0.164039
0.115748
0.054042
0.16507
0.11685
0.053792
0.16505
0.115478
0.053391
0.165041
0.116298
0.054372
0.165101
0.115758
0.053821
0.168216
0.116429
0.054011
0.164319
0.115898
0.054092
0.165151
0.115728
0.053541
0.164399
0.116289
0.053791
0.165241
0.116639
0.053521
0.164669
0.115798
0.053671
0.166323
0.116409
0.053761
0.16507
0.11652
0.053671
0.16505
0.116009
0.061736
0.165211
0.116289
0.053751
0.165812
0.11669
0.053802
0.16453
0.115397
0.054192
0.165131
0.116108
0.053851
0.16472
0.115838
0.053771
0.16491
0.116318
0.054312
0.16456
0.116269
0.054342
0.16485
0.115889
0.054052
0.164951
0.117642
0.053851
0.165492
0.1169
0.053821
0.16472
0.116489
0.053872
0.16461
0.115838
0.053981
0.16469
0.115918
0.05358
0.166162
0.11665
0.053591
0.16477
0.11679
0.054262
0.165101
0.115929
0.053781
0.165041
0.115638
0.053792
0.181682
0.116079
0.054793
0.164901
0.115808
0.054242
0.165592
0.1167
0.054092
0.16463
0.115908
0.053701
0.163848
0.11664
0.053601
0.166093
0.116009
0.054082
0.164359
0.115457
0.053901
0.16458
0.116339
0.054262
0.164941
0.116589
0.053921
0.167045
0.116339
0.054102
0.164569
0.11671
0.054232
0.16455
0.116049
0.054192
0.165361
0.116559
0.054092
0.166664
0.116048
0.053801
0.165311
0.11662
0.053711
0.16472
0.115538
0.054122
0.16493
0.116689
0.053801
0.164991
0.130315
0.054102
0.16466
0.115787
0.054152
0.164961
0.115777
0.054472
0.164459
0.11684
0.053981
0.16469
0.116089
0.053701
0.165381
0.116169
0.053781
0.165592
0.11686
0.054132
0.16477
0.11661
0.053741
0.1646
0.116158
0.054834
0.170341
0.115798
0.054262
0.16493
0.116079
0.053551
0.165371
0.116349
0.054012
0.165131
0.115487
0.053361
0.16443
0.116319
0.053851
0.16488
0.11666
0.053932
0.166083
0.116349
0.053841
0.16474
0.116409
0.053851
0.165041
0.11662
0.053751
0.166032
0.115488
0.05337
0.164089
0.116479
0.053941
0.165231
0.115918
0.053751
0.165221
0.115658
0.053961
0.16466
0.116529
0.054563
0.165251
0.11682
0.053781
0.165852
0.115968
0.054212
0.165611
0.115838
0.053862
0.165371
0.116088
0.054372
0.16504
0.116179
0.054232
0.165041
0.116059
0.053561
0.16469
0.115898
0.053461
0.16483
0.115507
0.054162
0.164951
0.115678
0.054302
0.165161
0.11691
0.053981
0.165201
0.11683
0.053591
0.165572
0.115648
0.054583
0.165291
0.116599
0.054031
0.16468
0.115998
0.054172
0.164179
0.11647
0.054132
0.16483
0.11668
0.053741
0.164921
0.115728
0.054162
0.165481
0.115928
0.054101
0.165382
0.116509
0.053621
0.165302
0.115838
0.053972
0.165472
0.116058
0.053982
0.165371
0.116109
0.054994
0.164539
0.116089
0.054292
0.16477
0.115568
0.053872
0.165421
0.116799
0.053531
0.1649
0.115447
0.053721
0.16432
0.115247
0.05349
0.16471
0.116058
0.053581
0.16497
0.1168
0.053951
0.166313
0.115698
0.055545
0.164539
0.115628
0.054172
0.165021
0.115768
0.054333
0.164279
0.115447
0.054262
0.16447
0.115738
0.053791
0.16465
0.116019
0.053861
0.165061
0.115498
0.054062
0.165201
0.115448
0.054473
0.165001
0.116539
0.053701
0.165251
0.116599
0.053692
0.165251
0.115928
0.053651
0.165301
0.117241
0.05359
0.16506
0.116719
0.054302
0.164971
0.115747
0.054102
0.16447
0.115758
0.053992
0.164711
0.11704
0.053922
0.164781
0.115928
0.053822
0.165321
0.115568
0.054332
0.182874
0.11675
0.053481
0.16494
0.115738
0.05314
0.165431
0.115608
0.053861
0.165832
0.116118
0.054953
0.165
0.11651
0.054322
0.165381
0.115808
0.053852
0.164941
0.115767
0.054042
0.165141
0.11697
0.054022
0.165562
0.116269
0.055123
0.165271
0.115858
0.054492
0.16503
0.117091
0.054092
0.165071
0.117281
0.053571
0.165411
0.1169
0.053591
0.165491
0.116218
0.054372
0.16469
0.116099
0.054232
0.165231
0.115197
0.061426
0.165291
0.115748
0.053932
0.164429
0.117661
0.053791
0.165001
0.115838
0.054292
0.165582
0.115969
0.053591
0.165231
0.116299
0.053901
0.164791
0.1166
0.053951
0.165421
0.115768
0.054402
0.16472
0.11658
0.053821
0.164069
0.116308
0.053821
0.16447
0.115608
0.05342
0.165542
0.115918
0.053792
0.16492
0.11692
0.053831
0.165451
0.11691
0.053912
0.1647
0.115958
0.054323
0.16479
0.11671
0.053921
0.1647
0.116219
0.053992
0.165432
0.115618
0.054082
0.16475
0.116108
0.053661
0.16485
0.115548
0.055083
0.16482
0.115858
0.054252
0.163808
0.11684
0.054272
0.16478
0.11701
0.053591
0.165211
0.116579
0.053841
0.165181
0.115517
0.053411
0.16511
0.116489
0.053902
0.165552
0.116009
0.054402
0.164609
0.115858
0.053611
0.16468
0.1168
0.054042
0.16491
0.11679
0.053811
0.16478
0.115798
0.053581
0.164991
0.116229
0.05327
0.16456
0.11702
0.053911
0.165492
0.11685
0.053581
0.164479
0.115477
0.054432
0.165571
0.115838
0.053742
0.165862
0.116098
0.053651
0.175931
0.116399
0.053932
0.166083
0.116429
0.053561
0.16513
0.115958
0.053962
0.165752
0.11698
0.053952
0.16478
0.11694
0.053761
0.16482
0.115317
0.054382
0.1645
0.115457
0.054342
0.165352
0.117051
0.053871
0.16496
0.11697
0.053862
0.165751
0.11695
0.053781
0.165171
0.115988
0.054192
0.165401
0.115577
0.053982
0.165111
0.115548
0.054232
0.16468
0.11701
0.053801
0.165261
0.11674
0.053761
0.16486
0.115738
0.053991
0.165101
0.115708
0.054041
0.16472
0.117311
0.053952
0.165932
0.115958
0.053852
0.16486
0.117502
0.053971
0.165512
0.116079
0.054332
0.165321
0.115818
0.054192
0.166043
0.115828
0.05326
0.165682
0.116228
0.054072
0.164811
0.116169
0.053641
0.165312
0.115959
0.053791
0.165391
0.116309
0.054172
0.164941
0.115718
0.053991
0.165251
0.116339
0.053661
0.164389
0.115407
0.054192
0.165151
0.116229
0.053811
0.16469
0.11684
0.053811
0.165472
0.11666
0.053831
0.165371
0.115698
0.053941
0.165031
0.116429
0.053631
0.169369
0.115597
0.054362
0.164299
0.116319
0.05359
0.164559
0.116529
0.054102
0.165411
0.115157
0.053671
0.16472
0.115217
0.053921
0.16473
0.1169
0.05347
0.164911
0.115908
0.054092
0.16472
0.115558
0.054162
0.165502
0.117101
0.054152
0.164379
0.116399
0.053321
0.165051
0.116589
0.054242
0.16497
0.11685
0.053771
0.16473
0.115828
0.053892
0.16489
0.11702
0.053791
0.1649
0.115518
0.053981
0.16458
0.11683
0.053942
0.16471
0.11673
0.053651
0.165571
0.117371
0.054052
0.16461
0.116008
0.054202
0.1645
0.116379
0.054142
0.16464
0.115728
0.0536
0.16451
0.11657
0.053611
0.165531
0.117041
0.054102
0.163998
0.115688
0.054282
0.16482
0.11649
0.053651
0.16451
0.115848
0.053301
0.16495
0.115708
0.054112
0.165211
0.116369
0.054382
0.165722
0.115848
0.053561
0.166002
0.116219
0.053551
0.165341
0.115888
0.053771
0.165251
0.11696
0.053691
0.164309
0.115518
0.053772
0.164279
0.11687
0.054612
0.16488
0.11696
0.055605
0.165622
0.116008
0.054312
0.165812
0.116369
0.053541
0.16456
0.11653
0.054002
0.165311
0.116469
0.054052
0.164249
0.11693
0.05333
0.164569
0.116189
0.053852
0.16432
0.116769
0.053431
0.165291
0.115677
0.054533
0.164309
0.11669
0.053661
0.165011
0.115237
0.053521
0.16501
0.115938
0.053501
0.165411
0.116038
0.054412
0.16441
0.116218
0.053762
0.164649
0.115948
0.053511
0.165371
0.116188
0.053681
0.16445
0.115828
0.053841
0.16512
0.116439
0.053791
0.18074
0.116549
0.053641
0.165531
0.11696
0.053801
0.1645
0.116278
0.053932
0.16491
0.116579
0.05359
0.16477
0.116369
0.054072
0.16472
0.115247
0.053621
0.16468
0.115698
0.053651
0.165682
0.11685
0.053821
0.164179
0.115657
0.057999
0.16474
0.115728
0.054302
0.165101
0.116599
0.054202
0.16486
0.115837
0.053541
0.16478
0.115968
0.053401
0.164569
0.116048
0.053601
0.16498
0.116018
0.053922
0.16468
0.115958
0.053671
0.165351
0.115437
0.054963
0.16489
0.122671
0.055164
0.16461
0.116238
0.054162
0.16501
0.115377
0.053851
0.165602
0.115948
0.053371
0.165312
0.1165
0.053631
0.164801
0.115948
0.053631
0.165331
0.116559
0.053972
0.165672
0.116028
0.054092
0.16481
0.115507
0.054473
0.165752
0.115798
0.053762
0.165231
0.116339
0.053631
0.165191
0.115667
0.054122
0.16461
0.1166
0.054232
0.164309
0.116279
0.053821
0.164941
0.115628
0.053621
0.16507
0.115717
0.053591
0.16472
0.115909
0.054032
0.16472
0.115397
0.069982
0.166002
0.115938
0.054873
0.16464
0.116339
0.053421
0.16495
0.116229
0.053721
0.16484
0.116339
0.054072
0.165151
0.116269
0.053941
0.16432
0.115828
0.053832
0.1648
0.116379
0.053852
0.165442
0.116839
0.053752
0.16465
0.118864
0.054072
0.164279
0.117371
0.054182
0.165001
0.115607
0.053671
0.164429
0.115808
0.054934
0.165301
0.116609
0.054061
0.165552
0.115448
0.053891
0.16434
0.116039
0.053701
0.16453
0.116289
0.053631
0.165541
0.115858
0.054132
0.181151
0.11716
0.053901
0.16512
0.115387
0.054302
0.165141
0.115848
0.054172
0.16492
0.116108
0.053912
0.165001
0.116749
0.053681
0.165231
0.115949
0.054342
0.16504
0.115828
0.053771
0.164811
0.115898
0.053961
0.16482
0.116539
0.054582
0.166754
0.116138
0.053992
0.16471
0.115949
0.054092
0.165281
0.116159
0.053842
0.16466
0.115627
0.054302
0.165261
0.116459
0.053761
0.16473
0.115858
0.053992
0.165201
0.116319
0.05335
0.164901
0.116278
0.054011
0.16455
0.117602
0.053971
0.165532
0.11669
0.053831
0.164419
0.115728
0.053981
0.165441
0.11648
0.053961
0.16467
0.116268
0.054082
0.165591
0.116429
0.053841
0.165101
0.115969
0.053811
0.165101
0.116169
0.053972
0.165171
0.116399
0.054031
0.16506
0.116961
0.054172
0.16456
0.116689
0.053631
0.164861
0.115698
0.054473
0.16442
0.116218
0.053611
0.16433
0.117041
0.054102
0.16477
0.11677
0.053701
0.16479
0.115687
0.054182
0.165221
0.116159
0.053431
0.164569
0.11687
0.054543
0.166404
0.115427
0.054222
0.165932
0.116479
0.05335
0.164589
0.11731
0.053451
0.165171
0.116108
0.053902
0.16454
0.115968
0.054182
0.16457
0.116639
0.053631
0.16503
0.116069
0.053802
0.165251
0.1165
0.05362
0.16484
0.115948
0.056446
0.166153
0.115808
0.053261
0.16479
0.11668
0.054082
0.165562
0.116199
0.053752
0.16481
0.115958
0.054022
0.16497
0.115758
0.054212
0.165782
0.116549
0.053581
0.165261
0.116028
0.053932
0.164991
0.115948
0.05342
0.165221
0.117571
0.053641
0.164881
0.115367
0.054964
0.165351
0.116019
0.053601
0.16488
0.116369
0.053872
0.165151
0.115808
0.053982
0.16452
0.116028
0.053581
0.16457
0.116689
0.054142
0.16482
0.115748
0.055124
0.165351
0.116108
0.054392
0.16489
0.115928
0.053631
0.164971
0.116129
0.053721
0.164079
0.115307
0.053831
0.164059
0.11678
0.054172
0.165512
0.115738
0.053921
0.1645
0.115428
0.053822
0.165471
0.115698
0.053371
0.165482
0.115818
0.054162
0.16441
0.116098
0.054973
0.165401
0.116639
0.053691
0.164459
0.115517
0.054392
0.16475
0.115588
0.053982
0.16496
0.116399
0.053571
0.16514
0.115678
0.053691
0.16494
0.115637
0.053771
0.164459
0.115958
0.054002
0.164148
0.115988
0.053621
0.164961
0.117101
0.054272
0.165372
0.11668
0.054213
0.16483
0.11677
0.05343
0.165241
0.11668
0.053701
0.16483
0.116169
0.054873
0.164981
0.116229
0.054091
0.165051
0.116299
0.054022
0.165782
0.116309
0.054212
0.165531
0.116198
0.053892
0.182313
0.116209
0.054032
0.165021
0.116439
0.054452
0.164018
0.115938
0.05362
0.165391
0.116659
0.053801
0.166663
0.116599
0.053802
0.165712
0.116119
0.053481
0.16456
0.116169
0.054082
0.164971
0.115548
0.053721
0.164579
0.116951
0.054142
0.16459
0.116739
0.054252
0.165441
0.11683
0.053922
0.165281
0.115958
0.054042
0.164529
0.115848
0.053701
0.165352
0.115798
0.05346
0.165101
0.117141
0.053681
0.16455
0.115648
0.053691
0.16463
0.115558
0.053651
0.165021
0.132209
0.053832
0.1646
0.11684
0.053571
0.165061
0.115888
0.053812
0.165922
0.115878
0.053441
0.165622
0.115818
0.054002
0.164981
0.116669
0.053851
0.165541
0.116058
0.054433
0.165782
0.115337
0.054303
0.165071
0.11663
0.053741
0.168537
0.115718
0.054032
0.164359
0.116189
0.054011
0.165872
0.119515
0.054002
0.165431
0.116719
0.053631
0.164971
0.115458
0.053531
0.16471
0.115958
0.053881
0.165281
0.115778
0.054542
0.16482
0.115868
0.054072
0.164519
0.115667
0.053981
0.1647
0.116189
0.053591
0.16463
0.115497
0.053951
0.165481
0.115968
0.054372
0.16459
0.116459
0.054192
0.165241
0.115487
0.053872
0.165882
0.116028
0.053691
0.165621
0.11671
0.053801
0.16467
0.115788
0.054363
0.16457
0.116248
0.054372
0.165201
0.115638
0.053591
0.165611
0.11667
0.054032
0.165241
0.116008
0.054412
0.165392
0.116109
0.054292
0.165291
0.116169
0.053872
0.16467
0.116129
0.053911
0.165101
0.115898
0.054122
0.165151
0.115958
0.054282
0.180389
0.11646
0.054292
0.16479
0.116729
0.053872
0.165632
0.115177
0.054182
0.16459
0.11684
0.053721
0.165
0.115498
0.054101
0.16487
0.115487
0.054182
0.164961
0.115547
0.05335
0.165381
0.116539
0.053861
0.166243
0.115608
0.053541
0.166623
0.117251
0.053471
0.16497
0.116249
0.053881
0.165402
0.115488
0.054061
0.165712
0.11672
0.054032
0.16467
0.11683
0.053691
0.166173
0.11699
0.053721
0.165562
0.11661
0.053651
0.164901
0.116039
0.053822
0.16468
0.115808
0.053721
0.16506
0.115798
0.054172
0.165021
0.116219
0.054393
0.16462
0.11688
0.054041
0.16505
0.116409
0.053782
0.165191
0.116309
0.053892
0.165041
0.116439
0.053932
0.165171
0.116619
0.053951
0.165552
0.116219
0.054302
0.164981
0.115688
0.054042
0.165361
0.115869
0.053982
0.164199
0.116489
0.054071
0.165141
0.116539
0.053541
0.165001
0.116389
0.053882
0.165622
0.115778
0.053862
0.165381
0.116249
0.054392
0.164559
0.116749
0.053801
0.165541
0.115818
0.054523
0.193975
0.115998
0.053581
0.164931
0.115788
0.053541
0.165832
0.115758
0.053611
0.16437
0.115858
0.053511
0.165061
0.116559
0.053971
0.165271
0.11676
0.053321
0.164901
0.115418
0.054092
0.165421
0.116269
0.054152
0.16468
0.116569
0.054713
0.165282
0.115869
0.053631
0.165511
0.11693
0.053731
0.164891
0.115968
0.053691
0.16454
0.11711
0.053781
0.16448
0.116009
0.054022
0.16462
0.116238
0.05331
0.16486
0.11658
0.053721
0.16475
0.115357
0.053852
0.165682
0.117271
0.053922
0.16488
0.115868
0.054192
0.170952
0.116329
0.054653
0.165431
0.116339
0.053531
0.165912
0.115748
0.053942
0.16466
0.116539
0.054032
0.165472
0.11691
0.053952
0.16478
0.115548
0.05335
0.164821
0.115929
0.053931
0.167896
0.116308
0.05344
0.16458
0.115978
0.053801
0.16459
0.11654
0.053651
0.165051
0.115968
0.05344
0.16444
0.11689
0.053551
0.164791
0.115808
0.054332
0.165061
0.115628
0.054373
0.165151
0.116449
0.054363
0.164559
0.116839
0.055785
0.16514
0.116529
0.054062
0.165161
0.116319
0.054142
0.16442
0.11655
0.053861
0.16457
0.116058
0.054052
0.164951
0.115988
0.053931
0.165051
0.11678
0.053551
0.164861
0.116359
0.054222
0.165261
0.116699
0.053831
0.165151
0.118272
0.054171
0.165111
0.116099
0.054473
0.165742
0.116199
0.053711
0.165141
0.116559
0.054112
0.16478
0.116209
0.053832
0.16476
0.116078
0.054151
0.165422
0.115918
0.053702
0.165662
0.116009
0.053731
0.164971
0.11669
0.054182
0.171213
0.116489
0.054042
0.165031
0.115667
0.054041
0.165973
0.116139
0.053571
0.165101
0.116038
0.053801
0.16464
0.116229
0.053611
0.164089
0.116209
0.05358
0.16448
0.117291
0.053841
0.166102
0.116208
0.053962
0.16466
0.117401
0.054071
0.166093
0.116379
0.054092
0.165692
0.116129
0.054322
0.165741
0.115918
0.054322
0.164851
0.115878
0.053771
0.165281
0.116339
0.053992
0.1651
0.115778
0.053571
0.165141
0.11704
0.054172
0.16496
0.115618
0.054453
0.165191
0.117762
0.054262
0.164991
0.11658
0.053951
0.16479
0.116359
0.053531
0.164649
0.116229
0.054092
0.165502
0.116319
0.054343
0.16454
0.115668
0.053911
0.165642
0.117121
0.053671
0.16459
0.115968
0.054122
0.16524
0.115668
0.054282
0.165251
0.116379
0.054112
0.165742
0.115738
0.05362
0.164108
0.116239
0.053491
0.165131
0.115567
0.053931
0.165021
0.115898
0.054182
0.165181
0.116799
0.053761
0.165041
0.116188
0.053982
0.165852
0.115698
0.053641
0.164329
0.116008
0.070773
0.165311
0.116239
0.053351
0.164911
0.116519
0.054322
0.165772
0.116319
0.054182
0.165532
0.117712
0.053651
0.165301
0.117381
0.053721
0.16476
0.11683
0.054031
0.16456
0.115618
0.054172
0.164349
0.115788
0.053852
0.16472
0.121268
0.054262
0.16478
0.115517
0.053571
0.1648
0.115949
0.053701
0.165502
0.115748
0.054081
0.165181
0.115637
0.053531
0.16483
0.115988
0.054092
0.165692
0.11703
0.053791
0.164009
0.115487
0.054282
0.165772
0.115457
0.053982
0.166113
0.11699
0.054192
0.16479
0.115407
0.054142
0.165251
0.116519
0.053681
0.165221
0.116179
0.053911
0.165512
0.11701
0.053782
0.16455
0.116119
0.054152
0.16471
0.11666
0.053491
0.164961
0.11684
0.053781
0.165241
0.116659
0.054323
0.167446
0.115758
0.054011
0.165752
0.116278
0.053741
0.165682
0.116149
0.053781
0.165702
0.11715
0.053631
0.16468
0.115868
0.054643
0.16489
0.115748
0.054232
0.16498
0.116389
0.053501
0.164429
0.116539
0.054061
0.165511
0.134313
0.054402
0.1646
0.115498
0.054032
0.16424
0.115508
0.053591
0.164429
0.116269
0.054092
0.16462
0.115628
0.053851
0.164861
0.115998
0.053651
0.16489
0.115838
0.054293
0.16489
0.115597
0.054152
0.165181
0.115587
0.054082
0.167164
0.11682
0.054122
0.164219
0.11675
0.054001
0.166603
0.11652
0.053962
0.165191
0.116068
0.05357
0.1647
0.115868
0.054833
0.16455
0.115588
0.053952
0.16454
0.116018
0.054292
0.164901
0.116951
0.053381
0.16444
0.116058
0.054402
0.166403
0.116098
0.053761
0.16475
0.11658
0.053731
0.164359
0.116079
0.054863
0.1648
0.11676
0.054873
0.165482
0.115688
0.054152
0.16481
0.115668
0.054182
0.164469
0.115597
0.053621
0.163938
0.11663
0.054031
0.165402
0.116209
0.054132
0.165451
0.11665
0.054082
0.165011
0.115757
0.054031
0.164469
0.115818
0.053561
0.165221
0.116299
0.053882
0.164429
0.115678
0.054422
0.165
0.116349
0.054192
0.165672
0.115718
0.054854
0.165311
0.115658
0.054322
0.181261
0.116119
0.053961
0.16493
0.116089
0.054152
0.16479
0.115607
0.053801
0.165271
0.115888
0.054122
0.164921
0.11691
0.053762
0.164409
0.115717
0.053721
0.164289
0.116549
0.05349
0.165471
0.115658
0.053691
0.164389
0.116069
0.054513
0.168277
0.116019
0.054332
0.164369
0.116319
0.054172
0.165101
0.118823
0.054011
0.165531
0.11689
0.054282
0.165131
0.115898
0.053982
0.16462
0.116158
0.053661
0.165211
0.116469
0.054262
0.16451
0.11677
0.053851
0.165061
0.135735
0.054042
0.16483
0.115828
0.054112
0.165001
0.1167
0.053611
0.165281
0.116339
0.053731
0.16495
0.115817
0.054052
0.165512
0.117351
0.054192
0.165241
0.116539
0.054062
0.165501
0.116359
0.053701
0.165081
0.115717
0.054332
0.165211
0.116229
0.053581
0.164841
0.115728
0.053571
0.165762
0.116569
0.053651
0.165712
0.116539
0.053601
0.16462
0.115608
0.054903
0.165632
0.115868
0.053791
0.165071
0.115888
0.053751
0.165833
0.116159
0.053762
0.165812
0.115677
0.054343
0.166353
0.115928
0.054292
0.16436
0.11659
0.053531
0.16478
0.115918
0.053701
0.16458
0.115708
0.054272
0.165351
0.115818
0.05346
0.165601
0.116409
0.054472
0.16518
0.115838
0.053861
0.164669
0.11661
0.053792
0.16485
0.116108
0.053661
0.164309
0.115347
0.054983
0.165311
0.116148
0.053351
0.163999
0.11678
0.054502
0.165462
0.115748
0.054313
0.165081
0.115437
0.054032
0.16447
0.115948
0.053832
0.165141
0.11679
0.053571
0.164459
0.116379
0.05361
0.181171
0.116349
0.054142
0.16475
0.116088
0.053761
0.164861
0.116749
0.053801
0.165161
0.115327
0.054161
0.165321
0.115909
0.054022
0.164069
0.116059
0.053951
0.16505
0.117542
0.053561
0.1648
0.11684
0.053621
0.164881
0.116249
0.054061
0.166083
0.11729
0.053881
0.165231
0.11679
0.054071
0.1651
0.11679
0.053812
0.165662
0.1165
0.053851
0.16457
0.116108
0.054202
0.16458
0.115948
0.053892
0.165471
0.116159
0.054071
0.166173
0.11675
0.054282
0.16465
0.117912
0.054703
0.165572
0.116289
0.053982
0.165842
0.11641
0.054282
0.165
0.116629
0.054122
0.165101
0.115778
0.053821
0.165803
0.11636
0.05321
0.165722
0.116659
0.053882
0.165221
0.1168
0.053541
0.16485
0.115868
0.053631
0.164951
0.115156
0.054272
0.165021
0.116259
0.053912
0.169849
0.116439
0.053792
0.16457
0.1167
0.053631
0.16505
0.115919
0.054332
0.163918
0.115678
0.053651
0.165852
0.115667
0.05358
0.166303
0.11702
0.053842
0.164389
0.115918
0.054272
0.181762
0.11687
0.053831
0.16437
0.116039
0.053781
0.1646
0.116108
0.054082
0.165752
0.115598
0.054082
0.164349
0.116679
0.053771
0.164119
0.115888
0.054312
0.165461
0.115858
0.053711
0.165211
0.11702
0.053751
0.164479
0.117461
0.056296
0.164329
0.116649
0.054031
0.165091
0.115928
0.054262
0.16466
0.115878
0.053561
0.165962
0.115788
0.053761
0.165171
0.11707
0.053691
0.16488
0.115728
0.054302
0.1645
0.115567
0.053571
0.16435
0.116099
0.053631
0.165651
0.117301
0.053681
0.16498
0.115778
0.054493
0.16497
0.115658
0.053962
0.16461
0.116078
0.054021
0.164089
0.11669
0.053681
0.165412
0.116499
0.053852
0.165442
0.116159
0.053921
0.166273
0.11683
0.053581
0.164649
0.115938
0.055304
0.165572
0.11691
0.053671
0.16448
0.116008
0.054312
0.164931
0.115788
0.053771
0.164891
0.116099
0.053741
0.164309
0.115828
0.054112
0.165341
0.115868
0.053711
0.165332
0.115778
0.053651
0.16443
0.115998
0.053962
0.165221
0.116118
0.055034
0.165081
0.116168
0.053831
0.16502
0.115848
0.053841
0.164941
0.116199
0.054703
0.16477
0.115797
0.053951
0.164559
0.115878
0.05356
0.165221
0.116259
0.05332
0.165
0.115507
0.054072
0.16463
0.115627
0.054372
0.16441
0.117301
0.054112
0.16484
0.116248
0.055024
0.165101
0.115798
0.053891
0.16471
0.116289
0.053711
0.1647
0.116539
0.053321
0.166644
0.11693
0.054302
0.16453
0.11685
0.053651
0.16496
0.115658
0.053962
0.165021
0.115136
0.053781
0.183796
0.116749
0.054011
0.165321
0.116489
0.053731
0.165923
0.116349
0.053611
0.164881
0.115758
0.054172
0.16485
0.115647
0.054202
0.164319
0.116739
0.053831
0.16463
0.115517
0.053571
0.165341
0.1165
0.053761
0.165311
0.115578
0.054052
0.165601
0.115968
0.053541
0.165512
0.116339
0.054392
0.165762
0.11643
0.054072
0.164951
0.115998
0.054092
0.16448
0.116068
0.054272
0.165862
0.116549
0.053742
0.165472
0.116779
0.053842
0.165752
0.116189
0.053561
0.165281
0.134584
0.053832
0.16506
0.117501
0.053721
0.16497
0.116158
0.053691
0.164801
0.115839
0.053601
0.165251
0.115788
0.053891
0.16442
0.116018
0.053661
0.164459
0.115397
0.053641
0.165522
0.115548
0.053571
0.165431
0.116991
0.05344
0.165903
0.11652
0.053932
0.16431
0.115548
0.054182
0.16473
0.115607
0.053721
0.164991
0.116449
0.054012
0.165562
0.11679
0.053771
0.165421
0.11691
0.053661
0.165601
0.115537
0.054132
0.16451
0.116018
0.054353
0.165752
0.115888
0.061095
0.165852
0.116108
0.05355
0.164629
0.116208
0.054262
0.166483
0.116549
0.053952
0.165502
0.116079
0.053561
0.164559
0.115959
0.053641
0.164129
0.115938
0.053791
0.165562
0.117151
0.054102
0.166053
0.116339
0.053591
0.165992
0.117631
0.053791
0.165342
0.115978
0.053981
0.165251
0.115898
0.054302
0.164169
0.116659
0.053491
0.16471
0.115918
0.053711
0.165752
0.115097
0.053701
0.16491
0.115959
0.053761
0.164801
0.116379
0.054552
0.16481
0.11668
0.053311
0.182994
0.116158
0.054172
0.165581
0.116148
0.054042
0.165472
0.11682
0.053751
0.164649
0.115988
0.053931
0.1648
0.11711
0.054382
0.16467
0.115628
0.053651
0.164449
0.117431
0.054082
0.165271
0.11678
0.054082
0.16464
0.117431
0.054482
0.167005
0.116029
0.054102
0.165702
0.115768
0.053921
0.165732
0.116389
0.053782
0.166133
0.116048
0.053941
0.1647
0.116059
0.054262
0.164991
0.115678
0.054342
0.16484
0.116129
0.053741
0.1645
0.115567
0.053761
0.16501
0.135836
0.054793
0.165101
0.115397
0.053872
0.1645
0.116058
0.053721
0.165552
0.116149
0.054012
0.165291
0.11665
0.054663
0.165412
0.115918
0.053711
0.16486
0.115818
0.053761
0.16481
0.122401
0.054342
0.165071
0.116479
0.054473
0.167134
0.115647
0.053951
0.165431
0.117672
0.054282
0.16427
0.116029
0.053641
0.164049
0.116489
0.054151
0.164741
0.116409
0.053762
0.16468
0.116389
0.054533
0.16469
0.116129
0.053621
0.16508
0.115577
0.054432
0.16431
0.115998
0.071335
0.165752
0.115618
0.053871
0.166072
0.116189
0.053641
0.166283
0.116689
0.054182
0.165672
0.116419
0.053841
0.165251
0.117581
0.053681
0.165542
0.11666
0.053892
0.165251
0.116189
0.053581
0.16484
0.115839
0.054593
0.164951
0.119374
0.053891
0.165
0.116449
0.054152
0.165351
0.116169
0.054021
0.16487
0.115468
0.054232
0.165682
0.11719
0.053721
0.164429
0.11697
0.054212
0.165461
0.11687
0.053791
0.164851
0.1165
0.054292
0.165852
0.116058
0.055073
0.181632
0.11696
0.054042
0.16482
0.115678
0.053702
0.165812
0.115908
0.053771
0.165652
0.115797
0.053561
0.16492
0.11657
0.053792
0.165251
0.11709
0.053981
0.165591
0.116349
0.053551
0.165642
0.116339
0.053751
0.16481
0.116509
0.056737
0.167666
0.116419
0.053881
0.165983
0.116389
0.053681
0.165181
0.116239
0.054232
0.164019
0.11676
0.05344
0.164801
0.115457
0.054323
0.165422
0.115777
0.054172
0.164569
0.115828
0.053571
0.164409
0.116289
0.054302
0.1648
0.116599
0.054131
0.164529
0.11697
0.053551
0.163859
0.116589
0.053781
0.165652
0.11697
0.054643
0.165362
0.115748
0.054002
0.16505
0.116349
0.054252
0.164901
0.115838
0.0534
0.16493
0.116029
0.054152
0.16476
0.117
0.054172
0.165512
0.116038
0.054342
0.16515
0.115998
0.054011
0.165121
0.115517
0.05351
0.16485
0.11689
0.053952
0.165521
0.11686
0.053711
0.165542
0.116239
0.053752
0.16482
0.115968
0.053721
0.16479
0.115427
0.053751
0.165542
0.116249
0.053681
0.1805
0.115657
0.054021
0.16507
0.116228
0.054262
0.16503
0.115567
0.053501
0.166393
0.116218
0.053791
0.165702
0.115878
0.054202
0.164289
0.116258
0.054312
0.165271
0.115858
0.053811
0.165211
0.116459
0.054252
0.16495
0.116699
0.054322
0.165642
0.116589
0.053571
0.16475
0.115728
0.054322
0.165301
0.115678
0.053751
0.164921
0.115518
0.053561
0.166303
0.117321
0.054362
0.164701
0.11662
0.053771
0.164179
0.115447
0.05347
0.164269
0.116269
0.053511
0.165371
0.118253
0.054112
0.165642
0.116359
0.053811
0.165752
0.11682
0.054082
0.165582
0.116349
0.053591
0.164941
0.11698
0.053721
0.165121
0.11682
0.053821
0.16483
0.116088
0.054192
0.165061
0.115697
0.053941
0.165131
0.115568
0.054042
0.166724
0.116269
0.054473
0.165782
0.116169
0.054001
0.166223
0.117121
0.053881
0.165992
0.115678
0.054122
0.165281
0.115808
0.053941
0.16451
0.116049
0.054412
0.164079
0.11651
0.053651
0.165361
0.116048
0.053681
0.164529
0.115398
0.055594
0.165371
0.115718
0.053761
0.16492
0.115548
0.053641
0.165281
0.115587
0.054393
0.165291
0.115508
0.053761
0.16487
0.116319
0.053761
0.16463
0.11688
0.053461
0.165722
0.116649
0.053781
0.16474
0.115678
0.054763
0.16451
0.117391
0.053791
0.165491
0.116489
0.053711
0.165572
0.11673
0.053761
0.164139
0.115677
0.054312
0.16452
0.116209
0.053912
0.165081
0.11663
0.054152
0.166043
0.117651
0.053571
0.165111
0.11712
0.053982
0.165642
0.1166
0.053972
0.168717
0.115999
0.053841
0.165531
0.116229
0.053712
0.16468
0.11663
0.054182
0.165431
0.115888
0.053962
0.16504
0.116108
0.054763
0.1645
0.116129
0.054222
0.16491
0.116059
0.053651
0.165282
0.115347
0.054282
0.165251
0.11689
0.055164
0.165642
0.116068
0.054662
0.16473
0.115768
0.054021
0.165571
0.115558
0.053912
0.16472
0.116329
0.054302
0.165671
0.116489
0.053581
0.16505
0.116529
0.053732
0.164499
0.115868
0.053681
0.164931
0.115878
0.053971
0.165862
0.117621
0.054512
0.16468
0.115377
0.053561
0.16465
0.116258
0.053942
0.16476
0.115808
0.054162
0.16465
0.116158
0.054332
0.165261
0.116379
0.053711
0.166604
0.115969
0.054152
0.16491
0.116349
0.053881
0.16508
0.11681
0.053601
0.167726
0.115518
0.05346
0.1649
0.115488
0.054062
0.16455
0.116369
0.053832
0.1647
0.11694
0.053561
0.165822
0.11659
0.053791
0.165301
0.116319
0.053691
0.165682
0.114636
0.053481
0.164951
0.116329
0.053711
0.166153
0.11649
0.070513
0.16489
0.116159
0.053911
0.165231
0.115968
0.053941
0.165241
0.116399
0.053471
0.164489
0.11691
0.054683
0.16504
0.117231
0.054222
0.164791
0.11666
0.053902
0.165321
0.1171
0.054172
0.165351
0.11706
0.053982
0.165652
0.12221
0.054663
0.16481
0.116409
0.054202
0.16459
0.11674
0.054022
0.164951
0.116149
0.054022
0.165111
0.116359
0.054122
0.164249
0.11682
0.05328
0.16491
0.115648
0.054062
0.16458
0.115548
0.054052
0.165652
0.11678
0.053541
0.167084
0.116159
0.053992
0.16496
0.11702
0.053961
0.164599
0.11703
0.053792
0.164861
0.115618
0.054312
0.16506
0.115767
0.053821
0.16447
0.115908
0.053711
0.165642
0.117181
0.053541
0.16474
0.115998
0.053681
0.16495
0.115858
0.054383
0.16486
0.116288
0.053541
0.165571
0.115618
0.053791
0.165211
0.11686
0.053942
0.165592
0.116058
0.053822
0.165511
0.116359
0.054172
0.165121
0.115648
0.053701
0.165732
0.11683
0.054042
0.165521
0.117441
0.054002
0.165371
0.13237
0.053891
0.165562
0.116549
0.053841
0.166774
0.115548
0.053862
0.165111
0.11694
0.05333
0.165622
0.116279
0.053782
0.165632
0.116449
0.053952
0.16487
0.115929
0.054122
0.165141
0.115698
0.054352
0.165111
0.115988
0.054272
0.168077
0.117211
0.053451
0.16504
0.116149
0.054071
0.16507
0.115868
0.054202
0.166192
0.115988
0.054272
0.165441
0.116279
0.053871
0.1647
0.115427
0.054012
0.165151
0.116509
0.054523
0.165101
0.116018
0.053581
0.165752
0.11682
0.072818
0.165842
0.115998
0.054072
0.1648
0.115717
0.053691
0.165581
0.115788
0.054472
0.165611
0.115828
0.053731
0.16481
0.115678
0.053851
0.16502
0.116198
0.053831
0.1646
0.115607
0.053811
0.163217
0.116119
0.053951
0.16477
0.120788
0.054042
0.165782
0.115858
0.053751
0.16471
0.11658
0.054122
0.164981
0.11683
0.053951
0.16463
0.116289
0.054312
0.16472
0.115968
0.054152
0.165421
0.115728
0.053741
0.165641
0.116289
0.053912
0.16499
0.116219
0.053862
0.165933
0.1169
0.053812
0.165021
0.116139
0.054001
0.165391
0.116009
0.054002
0.164931
0.117421
0.053812
0.165502
0.11666
0.053441
0.165351
0.116239
0.053812
0.165502
0.117031
0.053732
0.165151
0.115597
0.054793
0.16474
0.115938
0.054273
0.164841
0.115948
0.05338
0.164861
0.115858
0.053741
0.16478
0.115989
0.053821
0.165291
0.115748
0.054532
0.164861
0.115989
0.05328
0.165291
0.116349
0.053992
0.16481
0.115768
0.053871
0.16465
0.115808
0.054222
0.16468
0.134574
0.053801
0.16485
0.115528
0.053651
0.164981
0.11692
0.054202
0.165211
0.11654
0.053371
0.164589
0.116549
0.053921
0.164479
0.115828
0.054152
0.1651
0.115577
0.054753
0.164579
0.115788
0.054112
0.16449
0.117461
0.053601
0.167756
0.116679
0.054072
0.16483
0.117351
0.053771
0.16492
0.115517
0.054082
0.165231
0.119996
0.053651
0.16437
0.115527
0.054352
0.164169
0.115737
0.053481
0.16469
0.115287
0.054032
0.165682
0.116249
0.053731
0.16469
0.115888
0.053751
0.166563
0.115768
0.053952
0.16471
0.116349
0.053531
0.164489
0.117571
0.054122
0.16456
0.115538
0.053731
0.164129
0.115848
0.054012
0.165081
0.116479
0.05358
0.165682
0.117071
0.055054
0.165031
0.115928
0.053661
0.165321
0.116049
0.053691
0.165041
0.115637
0.054422
0.16491
0.1165
0.054412
0.165191
0.115778
0.053751
0.164891
0.116359
0.053771
0.165231
0.116159
0.053821
0.16459
0.116048
0.054422
0.165571
0.115888
0.054402
0.16499
0.115627
0.054072
0.179909
0.116389
0.054242
0.165742
0.116129
0.053852
0.166133
0.116339
0.053752
0.166093
0.117531
0.05337
0.165061
0.116018
0.054142
0.165582
0.11684
0.053781
0.16472
0.115768
0.054432
0.16458
0.116459
0.054332
0.16489
0.116138
0.053851
0.166093
0.115638
0.054242
0.163988
0.116319
0.054202
0.16483
0.116809
0.053611
0.165812
0.116288
0.053941
0.165832
0.115918
0.053911
0.165001
0.115367
0.054512
0.16464
0.115508
0.053741
0.166293
0.116369
0.053701
0.165011
0.117531
0.054142
0.165131
0.115928
0.054262
0.165181
0.116029
0.053781
0.166082
0.11687
0.053831
0.16483
0.116669
0.053821
0.166003
0.11703
0.053651
0.164339
0.115888
0.054102
0.1647
0.115628
0.053591
0.16483
0.116209
0.053861
0.165161
0.11724
0.053842
0.16444
0.11715
0.053411
0.165882
0.115868
0.053561
0.164881
0.116119
0.053811
0.165862
0.116469
0.053822
0.165471
0.115939
0.053821
0.164489
0.115257
0.054061
0.16446
0.116078
0.053761
0.16459
0.115888
0.054342
0.181842
0.116208
0.05345
0.165151
0.116108
0.053911
0.16494
0.11688
0.053661
0.165522
0.117
0.05348
0.16465
0.115467
0.053681
0.165241
0.115748
0.053812
0.165602
0.11682
0.054683
0.16506
0.1167
0.053891
0.164629
0.1168
0.055745
0.16443
0.116089
0.053931
0.165101
0.11688
0.053591
0.16458
0.115488
0.054312
0.16455
0.116289
0.053731
0.166033
0.116309
0.053471
0.16484
0.11693
0.054131
0.16463
0.11685
0.054212
0.16487
0.116339
0.054002
0.16484
0.117592
0.053841
0.16465
0.11658
0.053871
0.16474
0.116569
0.05358
0.165121
0.11678
0.053711
0.16468
0.115577
0.054383
0.16484
0.116399
0.054392
0.165021
0.115368
0.054091
0.164219
0.115577
0.053962
0.165411
0.11686
0.0534
0.168787
0.115898
0.053431
0.165852
0.115528
0.054042
0.16482
0.116539
0.053822
0.16513
0.115548
0.054302
0.165852
0.11701
0.053551
0.16485
0.115227
0.053972
0.164269
0.115187
0.05345
0.16505
0.116719
0.053491
0.164951
0.11653
0.055505
0.16452
0.115838
0.054102
0.165702
0.115748
0.053942
0.16489
0.116399
0.053742
0.16465
0.116209
0.053651
0.165301
0.116198
0.053902
0.165541
0.116359
0.053621
0.16483
0.115748
0.053711
0.165031
0.115658
0.054232
0.168538
0.119364
0.053651
0.164881
0.116289
0.054262
0.16482
0.116429
0.054492
0.16454
0.116129
0.054412
0.164911
0.116389
0.05347
0.165111
0.115818
0.054112
0.164861
0.115758
0.053701
0.164499
0.115447
0.054272
0.166444
0.115848
0.054633
0.174959
0.115768
0.054042
0.165181
0.117151
0.054192
0.16499
0.11648
0.053932
0.165011
0.115698
0.054021
0.165532
0.116269
0.054012
0.165281
0.11715
0.054272
0.16476
0.118052
0.053901
0.16469
0.116309
0.054763
0.16486
0.118463
0.054182
0.1648
0.116289
0.053982
0.165541
0.1169
0.053921
0.165752
0.116659
0.054572
0.165341
0.116699
0.053912
0.166113
0.11685
0.054222
0.165422
0.11671
0.053812
0.16466
0.116078
0.054262
0.165
0.116078
0.054533
0.165331
0.118503
0.053741
0.165902
0.115778
0.053761
0.16501
0.11667
0.053951
0.165541
0.11658
0.05361
0.165371
0.11664
0.053722
0.165872
0.115698
0.053581
0.165892
0.11695
0.054182
0.165541
0.11693
0.054442
0.165161
0.117
0.053631
0.165291
0.116069
0.053651
0.164569
0.115738
0.054032
0.165491
0.115648
0.054282
0.16484
0.115848
0.054042
0.16501
0.115657
0.053651
0.166002
0.115707
0.053741
0.165481
0.116199
0.053391
0.1648
0.115848
0.054061
0.165762
0.132429
0.054673
0.165792
0.115818
0.054212
0.164319
0.116048
0.054312
0.165332
0.116108
0.053752
0.164559
0.115878
0.053731
0.165411
0.115778
0.053881
0.16459
0.115858
0.054293
0.164921
0.116028
0.053771
0.165722
0.116789
0.053691
0.16449
0.119435
0.05346
0.165802
0.116409
0.05345
0.165081
0.116329
0.054081
0.16494
0.115246
0.054603
0.165361
0.115437
0.053851
0.16492
0.115998
0.053872
0.16507
0.116038
0.05335
0.165392
0.11658
0.053781
0.16469
0.115377
0.054382
0.171072
0.116199
0.0536
0.164489
0.117301
0.054132
0.16464
0.117491
0.053681
0.1648
0.1169
0.053581
0.165421
0.116108
0.054012
0.16501
0.115818
0.054262
0.164399
0.116169
0.053681
0.164509
0.115828
0.053821
0.16487
0.115417
0.054823
0.16467
0.116028
0.054212
0.164129
0.11661
0.053561
0.16487
0.116429
0.053811
0.165001
0.116089
0.054052
0.165371
0.116129
0.054102
0.1646
0.116439
0.053601
0.16476
0.117
0.054041
0.164279
0.117371
0.053891
0.165471
0.117201
0.054743
0.16496
0.115538
0.054052
0.165702
0.116259
0.054122
0.165661
0.115447
0.054302
0.164319
0.115728
0.053981
0.16472
0.11695
0.054112
0.16457
0.116699
0.054022
0.16476
0.115728
0.054222
0.16488
0.115848
0.053661
0.165972
0.115518
0.053701
0.164599
0.115508
0.053741
0.16483
0.115688
0.054252
0.16469
0.115687
0.053501
0.166353
0.116008
0.053721
0.165331
0.11653
0.054031
0.16465
0.116239
0.053872
0.16489
0.115768
0.054172
0.16439
0.115618
0.072967
0.165621
0.115467
0.054974
0.16467
0.116449
0.053611
0.165261
0.115888
0.054222
0.16498
0.115909
0.053801
0.163918
0.115828
0.054132
0.166674
0.116349
0.053791
0.165642
0.116239
0.053762
0.16469
0.11661
0.054322
0.164911
0.120036
0.054322
0.1647
0.115848
0.053952
0.16475
0.117231
0.053941
0.164399
0.116088
0.053681
0.16505
0.11662
0.054062
0.165571
0.115908
0.054392
0.165261
0.115979
0.053661
0.16512
0.116569
0.054022
0.16503
0.117261
0.053852
0.166172
0.11695
0.053591
0.165221
0.116128
0.054373
0.165311
0.11694
0.053611
0.165952
0.116329
0.053851
0.165612
0.115588
0.054062
0.164429
0.116299
0.053761
0.16452
0.116269
0.053691
0.16479
0.115788
0.054353
0.16454
0.11673
0.054001
0.16494
0.116028
0.053671
0.16434
0.115488
0.053842
0.16482
0.115427
0.054302
0.163949
0.116028
0.053972
0.16473
0.11701
0.05365
0.16421
0.115628
0.054202
0.165131
0.115797
0.053751
0.16497
0.115538
0.053491
0.165241
0.136086
0.053912
0.164489
0.116048
0.053851
0.16492
0.115517
0.05334
0.164911
0.11666
0.054283
0.16488
0.115998
0.053511
0.16448
0.115217
0.054202
0.16472
0.115497
0.053541
0.16449
0.115878
0.054102
0.164359
0.115888
0.053992
0.169399
0.116409
0.053511
0.164119
0.115527
0.054041
0.163878
0.115758
0.053882
0.165211
0.11691
0.053501
0.16453
0.116028
0.054052
0.165271
0.115668
0.053571
0.165251
0.115427
0.053872
0.165191
0.11686
0.054332
0.16491
0.116549
0.05346
0.166313
0.115738
0.053941
0.16449
0.115888
0.053961
0.164599
0.116619
0.054813
0.16464
0.11662
0.053802
0.165031
0.116729
0.053551
0.16485
0.116589
0.053912
0.16498
0.115427
0.053972
0.16471
0.115727
0.054242
0.165671
0.12182
0.054312
0.165291
0.116599
0.053581
0.16475
0.115918
0.053911
0.16515
0.117131
0.053771
0.16462
0.11684
0.053922
0.165602
0.115678
0.053861
0.164319
0.115547
0.053832
0.165231
0.11651
0.053661
0.165431
0.116569
0.054322
0.184166
0.11666
0.053891
0.165031
0.116108
0.053771
0.16477
0.116279
0.054302
0.165602
0.115898
0.053751
0.16456
0.115588
0.053972
0.16486
0.115487
0.054012
0.16468
0.116128
0.053862
0.165071
0.11701
0.053852
0.165151
0.115597
0.053862
0.16512
0.115818
0.053631
0.164981
0.116359
0.053691
0.16477
0.115738
0.053751
0.16475
0.117311
0.053721
0.165552
0.116399
0.053711
0.167335
0.115808
0.053882
0.165131
0.115388
0.054232
0.16427
0.115707
0.053761
0.1649
0.132409
0.053571
0.165201
0.116218
0.053591
0.165972
0.11718
0.054512
0.16489
0.116559
0.05349
0.16507
0.116319
0.053992
0.165732
0.116128
0.053631
0.165862
0.11699
0.053671
0.165712
0.11687
0.053731
0.165541
0.115898
0.053491
0.16496
0.115547
0.054052
0.165472
0.115928
0.054743
0.16448
0.115788
0.053501
0.16488
0.116119
0.053832
0.16451
0.1173
0.053491
0.164921
0.11653
0.053891
0.166122
0.116069
0.053561
0.166623
0.116359
0.053541
0.165391
0.116569
0.063099
0.166464
0.115548
0.054192
0.165862
0.116199
0.054051
0.16479
0.115708
0.053601
0.16482
0.116599
0.053902
0.16465
0.116129
0.05355
0.165101
0.115748
0.053851
0.163918
0.116198
0.05361
0.165802
0.11676
0.053851
0.165111
0.120387
0.054041
0.165532
0.115587
0.053811
0.16458
0.115988
0.054002
0.164158
0.116599
0.054132
0.165171
0.117
0.053631
0.165411
0.115858
0.054172
0.165381
0.115798
0.054763
0.164509
0.115678
0.053741
0.165261
0.115568
0.054002
0.183846
0.11655
0.054242
0.165551
0.115979
0.053942
0.164359
0.115978
0.053621
0.165091
0.115598
0.054332
0.165121
0.115608
0.053971
0.164861
0.115648
0.053992
0.1647
0.11664
0.054102
0.165642
0.116279
0.053872
0.16503
0.115658
0.057187
0.168697
0.116108
0.05342
0.165291
0.116169
0.053721
0.166182
0.116218
0.053812
0.165431
0.115899
0.054412
0.16465
0.11668
0.054112
0.16441
0.116289
0.053861
0.164901
0.116409
0.054162
0.165001
0.115928
0.053811
0.16457
0.11671
0.054293
0.165231
0.116749
0.054042
0.166534
0.116179
0.053862
0.165331
0.11704
0.053721
0.165572
0.115918
0.053811
0.164259
0.115708
0.053801
0.16501
0.115698
0.053922
0.16426
0.116068
0.053471
0.165261
0.115878
0.054102
0.1648
0.116008
0.054222
0.164449
0.115357
0.05358
0.16461
0.116759
0.053911
0.16473
0.115698
0.053881
0.164049
0.116329
0.053661
0.164289
0.116539
0.054052
0.16493
0.114987
0.053451
0.165181
0.115828
0.053811
0.164961
0.116108
0.053771
0.183606
0.115868
0.053491
0.165281
0.116429
0.054252
0.166153
0.116028
0.054072
0.165462
0.116689
0.053871
0.165371
0.11694
0.053942
0.165532
0.116098
0.054082
0.165201
0.115788
0.054102
0.16484
0.115888
0.054062
0.16477
0.11665
0.055805
0.164861
0.115908
0.05351
0.166092
0.11694
0.053601
0.16469
0.116219
0.054272
0.165021
0.1171
0.054252
0.164961
0.116179
0.053892
0.165171
0.11666
0.054182
0.165391
0.117361
0.053992
0.165272
0.117141
0.054112
0.182935
0.11676
0.054343
0.165081
0.116319
0.053631
0.16487
0.116699
0.053471
0.16496
0.116128
0.053521
0.165021
0.115968
0.054031
0.1647
0.116269
0.054042
0.165512
0.116319
0.054373
0.165431
0.116369
0.054453
0.165822
0.116039
0.054293
0.172575
0.116198
0.053511
0.165601
0.115718
0.053962
0.165271
0.116839
0.054132
0.165492
0.11671
0.053871
0.165521
0.11676
0.05363
0.164851
0.115577
0.054973
0.16449
0.115798
0.054082
0.16479
0.116028
0.053551
0.165221
0.130335
0.054623
0.165712
0.116739
0.054092
0.16482
0.11662
0.053531
0.16472
0.115718
0.054412
0.16511
0.116399
0.05325
0.164961
0.116048
0.053751
0.165071
0.115938
0.054092
0.16449
0.115488
0.053441
0.16493
0.11681
0.054292
0.167676
0.119905
0.053781
0.16467
0.115798
0.054392
0.165071
0.115898
0.053701
0.165492
0.115748
0.054473
0.164941
0.11692
0.053752
0.165882
0.116639
0.053801
0.165361
0.116479
0.053671
0.16477
0.115607
0.053952
0.164379
0.115828
0.053851
0.172434
0.115677
0.054021
0.165211
0.116489
0.053811
0.165722
0.116198
0.053881
0.16505
0.115337
0.05315
0.165832
0.11724
0.053731
0.164901
0.116449
0.05349
0.164871
0.11695
0.053601
0.16472
0.115838
0.054332
0.165622
0.115417
0.054653
0.16511
0.117391
0.05348
0.165351
0.11639
0.053561
0.16481
0.115798
0.053882
0.164489
0.116129
0.054172
0.165542
0.116329
0.053962
0.166032
0.116078
0.054032
0.1649
0.11693
0.054303
0.165501
0.115838
0.053912
0.164359
0.117711
0.053761
0.164409
0.1166
0.053701
0.165882
0.116759
0.053862
0.164629
0.115948
0.054052
0.16458
0.115899
0.053621
0.16463
0.116449
0.053351
0.16469
0.117702
0.054132
0.165451
0.116058
0.053981
0.16468
0.115958
0.054082
0.165712
0.116239
0.053772
0.16452
0.115778
0.053691
0.165201
0.115748
0.054182
0.1646
0.115517
0.053671
0.16473
0.116689
0.05308
0.165211
0.115918
0.053691
0.165922
0.114566
0.053671
0.16488
0.11651
0.053531
0.16497
0.115687
0.055194
0.164991
0.115638
0.053711
0.165922
0.117491
0.053651
0.16487
0.116779
0.053922
0.165792
0.116118
0.053981
0.165131
0.116349
0.054091
0.16477
0.116399
0.053942
0.16472
0.115748
0.053871
0.165681
0.116399
0.053731
0.165391
0.116369
0.054222
0.165511
0.116509
0.05355
0.164459
0.116189
0.053741
0.165191
0.116349
0.053961
0.167085
0.115848
0.053961
0.165051
0.115818
0.053791
0.165161
0.115637
0.054152
0.164971
0.11683
0.053551
0.165181
0.115688
0.054593
0.184337
0.116058
0.054472
0.165021
0.115758
0.054312
0.16482
0.11656
0.053902
0.165551
0.116249
0.054222
0.165441
0.116239
0.053701
0.165451
0.11696
0.053371
0.165171
0.115668
0.053771
0.165511
0.116669
0.054172
0.165822
0.115698
0.054834
0.165692
0.116259
0.054222
0.16432
0.116389
0.053681
0.164921
0.116248
0.053461
0.16454
0.115678
0.054082
0.164931
0.11671
0.054082
0.16484
0.116399
0.053731
0.165041
0.116029
0.053721
0.16478
0.11664
0.053711
0.16496
0.117552
0.053992
0.165001
0.116238
0.053992
0.16463
0.115888
0.053771
0.164279
0.115688
0.053821
0.16498
0.116058
0.053982
0.165241
0.11674
0.053761
0.16486
0.115708
0.054452
0.164139
0.115287
0.053681
0.165141
0.11675
0.053982
0.167565
0.115718
0.053541
0.164269
0.116179
0.053961
0.172575
0.115357
0.054323
0.16463
0.116109
0.053922
0.165031
0.116169
0.053431
0.164539
0.115307
0.053792
0.16495
0.115969
0.05337
0.165151
0.115518
0.05354
0.16503
0.115738
0.072377
0.166934
0.115939
0.053721
0.16454
0.117101
0.053551
0.165522
0.116128
0.053701
0.165161
0.115858
0.054472
0.16473
0.115918
0.05348
0.165181
0.117041
0.054553
0.16479
0.11674
0.054032
0.16487
0.116018
0.054172
0.16444
0.118964
0.053481
0.164489
0.115137
0.05353
0.16473
0.116589
0.054091
0.165332
0.11679
0.053691
0.16442
0.116189
0.053882
0.165282
0.115558
0.054462
0.165692
0.116189
0.053871
0.166192
0.116599
0.054001
0.16483
0.116509
0.054232
0.166163
0.116139
0.053871
0.165311
0.115828
0.053691
0.165721
0.115949
0.054092
0.165321
0.116549
0.053411
0.164901
0.115928
0.054273
0.165942
0.116159
0.054783
0.164439
0.115818
0.053952
0.165171
0.117141
0.054372
0.165561
0.11705
0.053741
0.165902
0.116238
0.054252
0.164971
0.117431
0.054222
0.165622
0.11718
0.053861
0.165912
0.116499
0.053441
0.165412
0.11685
0.053751
0.165111
0.115869
0.054192
0.16496
0.115037
0.054112
0.16445
0.116019
0.053621
0.165081
0.134674
0.054923
0.16499
0.115127
0.054172
0.164771
0.11681
0.05347
0.16474
0.116159
0.054202
0.16464
0.116799
0.054503
0.16473
0.116699
0.053872
0.165422
0.11664
0.054092
0.165321
0.11687
0.05351
0.165381
0.116739
0.053821
0.166975
0.116109
0.054102
0.1648
0.11678
0.053641
0.165411
0.11688
0.053481
0.16497
0.115698
0.054934
0.16451
0.116319
0.054012
0.1644
0.115938
0.053561
0.16468
0.116159
0.053561
0.16463
0.115588
0.053411
0.165842
0.116499
0.071815
0.166423
0.116539
0.053651
0.16459
0.116509
0.053942
0.164019
0.115778
0.053601
0.1649
0.11677
0.0534
0.16488
0.115899
0.054102
0.165201
0.115988
0.054242
0.16438
0.115858
0.053772
0.1645
0.117481
0.053691
0.16444
0.119084
0.053791
0.165742
0.11722
0.053671
0.165001
0.115979
0.054092
0.165191
0.116799
0.054122
0.164389
0.117031
0.053842
0.16507
0.11688
0.053711
0.165441
0.116589
0.053781
0.16461
0.116559
0.053751
0.16492
0.115848
0.054232
0.183075
0.11686
0.054382
0.165041
0.11695
0.053882
0.164409
0.115717
0.053841
0.16475
0.117121
0.053511
0.164951
0.116179
0.053811
0.165342
0.116529
0.053581
0.165692
0.115648
0.053741
0.16496
0.115658
0.054142
0.164549
0.115457
0.057057
0.167875
0.116839
0.053831
0.165
0.115658
0.054072
0.1648
0.116019
0.053881
0.164911
0.116139
0.05363
0.165211
0.116639
0.054222
0.165681
0.116099
0.054052
0.16453
0.115638
0.053762
0.165141
0.116129
0.053801
0.164379
0.116099
0.054202
0.164891
0.116719
0.054032
0.164921
0.116019
0.053651
0.165612
0.11674
0.053731
0.16484
0.115397
0.054532
0.16476
0.115527
0.054232
0.165061
0.115577
0.053461
0.165171
0.116459
0.053651
0.166614
0.116049
0.054112
0.165161
0.11698
0.05356
0.165151
0.115978
0.05361
0.165251
0.117181
0.053681
0.16465
0.116069
0.054122
0.164851
0.116319
0.054362
0.165201
0.116168
0.053541
0.164259
0.11684
0.053952
0.164619
0.117251
0.054042
0.164951
0.117221
0.054282
0.166584
0.115657
0.054242
0.165522
0.116028
0.05325
0.164449
0.11726
0.054262
0.164961
0.11687
0.053961
0.16462
0.116249
0.053821
0.164279
0.116339
0.054413
0.164971
0.116098
0.053721
0.165542
0.115678
0.053932
0.16487
0.117652
0.053821
0.16486
0.116349
0.053932
0.165491
0.116109
0.053641
0.16467
0.115458
0.053851
0.164319
0.115849
0.054122
0.167075
0.116479
0.053692
0.1648
0.115818
0.054082
0.165812
0.116259
0.054002
0.16473
0.116389
0.053811
0.18047
0.116248
0.054202
0.165992
0.115407
0.053791
0.16453
0.115918
0.053902
0.165091
0.11724
0.054132
0.16473
0.11674
0.053921
0.165021
0.116349
0.054232
0.165922
0.11668
0.054262
0.165932
0.115718
0.053581
0.16474
0.11687
0.056526
0.168567
0.11699
0.053752
0.164159
0.116419
0.054773
0.16459
0.116018
0.05359
0.165592
0.115898
0.054092
0.165862
0.116089
0.053861
0.165311
0.115808
0.054002
0.16502
0.115728
0.054152
0.165321
0.115598
0.054252
0.165752
0.116349
0.054022
0.165461
0.115798
0.054432
0.165362
0.116139
0.054462
0.16487
0.115828
0.053761
0.165511
0.115788
0.053831
0.164971
0.11648
0.054262
0.165141
0.11656
0.054022
0.165352
0.116288
0.053531
0.164941
0.11679
0.053761
0.165201
0.117221
0.053601
0.16478
0.11665
0.053812
0.165421
0.11674
0.053871
0.165792
0.117131
0.054121
0.164469
0.115939
0.053941
0.164579
0.116118
0.054132
0.16463
0.115708
0.054152
0.16476
0.116069
0.054612
0.16479
0.116069
0.053641
0.166383
0.11719
0.053671
0.16461
0.116599
0.053812
0.1644
0.115898
0.054473
0.164971
0.116209
0.053982
0.16493
0.115287
0.053681
0.165231
0.116149
0.05335
0.1648
0.116289
0.053952
0.164529
0.115548
0.054222
0.170812
0.115658
0.054653
0.16469
0.115808
0.054262
0.16501
0.116439
0.054152
0.16497
0.115468
0.053811
0.1648
0.11666
0.053811
0.165251
0.116549
0.053691
0.165642
0.11683
0.05337
0.165001
0.115557
0.054963
0.165111
0.115788
0.053842
0.181512
0.116429
0.054463
0.165641
0.115768
0.053651
0.16455
0.115628
0.053872
0.16492
0.11672
0.053731
0.1647
0.116299
0.054162
0.164419
0.116038
0.053571
0.16499
0.11678
0.053981
0.16491
0.115948
0.054052
0.164961
0.116229
0.054001
0.16466
0.117391
0.053942
0.16494
0.116128
0.054543
0.165371
0.116118
0.053862
0.1649
0.117612
0.054272
0.16479
0.11674
0.053972
0.165301
0.116449
0.053762
0.164881
0.116128
0.054383
0.16488
0.115968
0.05356
0.16466
0.1166
0.053811
0.16464
0.11689
0.053721
0.165321
0.116489
0.053581
0.165181
0.115948
0.054572
0.16514
0.116019
0.054122
0.16475
0.116028
0.054092
0.16465
0.115878
0.053811
0.16488
0.1169
0.053942
0.165512
0.116149
0.054232
0.168096
0.115818
0.054973
0.163798
0.116479
0.054282
0.165591
0.115538
0.053601
0.165452
0.11666
0.053681
0.166603
0.116439
0.053712
0.16451
0.116058
0.053671
0.163748
0.115938
0.053991
0.165131
0.115928
0.053421
0.165541
0.115558
0.054563
0.173136
0.115888
0.054002
0.165141
0.11697
0.053681
0.164579
0.115978
0.053851
0.16468
0.115167
0.054382
0.16458
0.115508
0.054101
0.16455
0.116059
0.054482
0.166934
0.116359
0.053952
0.165852
0.117351
0.054122
0.16458
0.116649
0.054883
0.165131
0.115919
0.053811
0.16509
0.116199
0.053771
0.16476
0.115838
0.053951
0.16498
0.116559
0.054513
0.165282
0.116048
0.053761
0.16491
0.1169
0.054312
0.16492
0.116189
0.053991
0.16457
0.115628
0.054011
0.1648
0.11665
0.054032
0.164961
0.115667
0.054142
0.165742
0.11683
0.053781
0.16476
0.115788
0.054993
0.164981
0.116109
0.054292
0.165281
0.115808
0.054322
0.165131
0.115648
0.053641
0.165011
0.116079
0.054012
0.16503
0.1167
0.053771
0.165842
0.117562
0.053501
0.165191
0.115989
0.05341
0.165612
0.115607
0.054262
0.16451
0.116219
0.053992
0.164871
0.116709
0.053891
0.165141
0.115838
0.054021
0.16468
0.115808
0.053461
0.16488
0.116159
0.054342
0.164479
0.11681
0.055474
0.165932
0.116209
0.053941
0.164991
0.115617
0.053831
0.16455
0.116689
0.053401
0.16467
0.115668
0.053942
0.165922
0.116149
0.053842
0.165201
0.116449
0.054162
0.16479
0.115788
0.054262
0.16464
0.115818
0.053741
0.16441
0.116309
0.054883
0.16471
0.115557
0.054372
0.164529
0.116359
0.053231
0.165371
0.117
0.054262
0.165722
0.116259
0.053701
0.165061
0.11706
0.053511
0.16476
0.115287
0.054002
0.165051
0.11688
0.053751
0.164349
0.116649
0.054713
0.194276
0.11671
0.05351
0.165031
0.115528
0.054352
0.16471
0.115818
0.054002
0.16498
0.116088
0.053481
0.165181
0.116139
0.053952
0.165091
0.115638
0.053962
0.164429
0.116089
0.053711
0.165551
0.117231
0.053741
0.16451
0.117341
0.053962
0.165311
0.115537
0.054091
0.16475
0.115647
0.054012
0.165411
0.115577
0.053801
0.16508
0.115457
0.054022
0.165792
0.11678
0.054042
0.16445
0.116519
0.053411
0.163608
0.115908
0.053922
0.16423
0.116229
0.053721
0.167465
0.118042
0.054272
0.16489
0.116098
0.053871
0.16479
0.115768
0.054102
0.16454
0.11692
0.053531
0.165532
0.117561
0.054222
0.165571
0.116469
0.053722
0.165472
0.1167
0.053972
0.166253
0.115888
0.053661
0.166824
0.115778
0.053601
0.166032
0.116199
0.053681
0.16453
0.115798
0.053611
0.16442
0.115788
0.054032
0.1647
0.115808
0.053821
0.164721
0.116048
0.053952
0.164459
0.115858
0.05323
0.16441
0.115368
0.05333
0.164269
0.115898
0.053802
0.165561
0.116559
0.055104
0.165171
0.115768
0.053931
0.164099
0.11674
0.054132
0.165111
0.116259
0.053812
0.16479
0.115688
0.054042
0.165722
0.115928
0.053781
0.16513
0.116038
0.05351
0.16471
0.116218
0.053621
0.16472
0.116439
0.053801
0.165521
0.117351
0.054272
0.16466
0.116288
0.053591
0.165221
0.115868
0.053772
0.164941
0.1171
0.054042
0.164339
0.115988
0.054142
0.165602
0.115508
0.054262
0.165742
0.116279
0.05335
0.165071
0.116179
0.053581
0.165301
0.116049
0.05362
0.178476
0.1164
0.053932
0.166313
0.116619
0.053942
0.16514
0.116198
0.053811
0.165121
0.117231
0.053951
0.165381
0.116849
0.053951
0.165201
0.116679
0.053551
0.164068
0.116039
0.054483
0.166143
0.115817
0.053771
0.16479
0.115798
0.055063
0.164821
0.116409
0.054432
0.165762
0.115697
0.054232
0.16475
0.115557
0.054001
0.16461
0.11637
0.054783
0.165842
0.116169
0.053801
0.165582
0.115607
0.054232
0.165782
0.116049
0.053651
0.165712
0.116359
0.054031
0.16478
0.134463
0.054102
0.166634
0.115788
0.053932
0.16481
0.116609
0.053461
0.165171
0.115167
0.054142
0.16481
0.115537
0.053952
0.165211
0.116469
0.053711
0.16473
0.114956
0.053481
0.165421
0.115247
0.053591
0.164991
0.11692
0.053801
0.168458
0.116179
0.054202
0.165552
0.116259
0.05356
0.165462
0.115437
0.054092
0.16452
0.116589
0.053541
0.165211
0.116148
0.053791
0.165391
0.115788
0.053902
0.164429
0.115718
0.05356
0.165321
0.115497
0.053841
0.166293
0.115718
0.061826
0.166053
0.117221
0.054292
0.16477
0.11685
0.053982
0.1651
0.115538
0.053902
0.165432
0.1168
0.053921
0.165792
0.116089
0.053541
0.165231
0.116699
0.054232
0.16501
0.1168
0.05343
0.16473
0.115528
0.054473
0.165843
0.11714
0.055615
0.165542
0.11657
0.053571
0.16465
0.115778
0.053861
0.1644
0.115637
0.053531
0.16461
0.116689
0.053701
0.164579
0.115818
0.054052
0.16478
0.115768
0.05359
0.165151
0.11696
0.053551
0.16482
0.115507
0.053691
0.168246
0.11727
0.054282
0.16477
0.115678
0.053701
0.165341
0.115748
0.053992
0.16493
0.11678
0.053731
0.164921
0.11664
0.054052
0.165091
0.116399
0.053771
0.16472
0.115467
0.053982
0.165301
0.116409
0.05356
0.16496
0.117511
0.054142
0.165361
0.115768
0.053681
0.16491
0.116169
0.053801
0.1648
0.115227
0.053792
0.166122
0.116329
0.053701
0.165491
0.117
0.05328
0.164469
0.116118
0.053752
0.16459
0.11661
0.053801
0.164349
0.116019
0.054893
0.16469
0.120136
0.053982
0.165481
0.115668
0.053781
0.165471
0.116429
0.053691
0.165371
0.117401
0.053711
0.16462
0.11655
0.053641
0.16499
0.115527
0.054152
0.164549
0.115908
0.05355
0.165001
0.116539
0.053401
0.165301
0.115968
0.054172
0.165141
0.11669
0.054522
0.165231
0.116008
0.053962
0.1646
0.115868
0.053641
0.165351
0.116249
0.053831
0.165551
0.116278
0.054342
0.16468
0.115578
0.054132
0.165081
0.115387
0.053641
0.16473
0.116119
0.053461
0.165542
0.116709
0.054061
0.166643
0.116259
0.053561
0.16465
0.11683
0.054643
0.165792
0.117081
0.053971
0.165491
0.11653
0.054012
0.16498
0.115738
0.053862
0.165051
0.115408
0.053581
0.164229
0.116089
0.05349
0.165592
0.116299
0.053821
0.165311
0.115978
0.054182
0.16482
0.11667
0.053982
0.164821
0.115577
0.053811
0.166543
0.116168
0.054111
0.16461
0.11678
0.054011
0.16503
0.117141
0.053791
0.165431
0.115487
0.053811
0.16484
0.115597
0.054072
0.16472
0.116058
0.054042
0.18031
0.116399
0.055184
0.165902
0.116009
0.053731
0.165231
0.11664
0.054062
0.164199
0.116068
0.054262
0.16491
0.116319
0.053962
0.163918
0.116239
0.054302
0.163608
0.115778
0.053781
0.16484
0.115757
0.054213
0.165472
0.11664
0.054784
0.167916
0.1165
0.053581
0.16505
0.115628
0.054011
0.170551
0.115398
0.054011
0.165
0.116038
0.053991
0.16487
0.116178
0.053752
0.16479
0.116319
0.053521
0.16476
0.115547
0.054543
0.165081
0.11655
0.053871
0.16505
0.116109
0.053962
0.16487
0.116058
0.053901
0.165602
0.116359
0.053962
0.165742
0.117131
0.053811
0.165732
0.116189
0.053971
0.166524
0.115868
0.054282
0.1646
0.115548
0.053951
0.16468
0.115568
0.053431
0.165682
0.116549
0.053951
0.165532
0.116479
0.053681
0.165671
0.115888
0.053931
0.16505
0.115517
0.054042
0.16485
0.115437
0.053702
0.164509
0.115708
0.054272
0.165972
0.115738
0.054111
0.16466
0.116199
0.053551
0.165201
0.116008
0.054002
0.16443
0.115688
0.054483
0.184648
0.115367
0.053981
0.165111
0.116229
0.05355
0.164199
0.115999
0.055073
0.164299
0.116349
0.054192
0.16482
0.115628
0.053741
0.164479
0.116319
0.053952
0.1647
0.11653
0.053932
0.165131
0.116289
0.054382
0.164118
0.116489
0.054172
0.16503
0.11695
0.05328
0.16447
0.115858
0.054363
0.164389
0.115558
0.053821
0.165191
0.115648
0.053851
0.16498
0.115217
0.05306
0.16459
0.115357
0.054002
0.166142
0.116128
0.053731
0.16467
0.116069
0.053661
0.165261
0.11697
0.053961
0.165311
0.116099
0.05342
0.164791
0.115908
0.053961
0.165632
0.115697
0.054783
0.165522
0.115918
0.053621
0.16468
0.11691
0.053691
0.165652
0.116499
0.053772
0.165352
0.116409
0.053661
0.165341
0.115758
0.054683
0.165872
0.116258
0.054303
0.16469
0.115367
0.053611
0.165071
0.117551
0.053661
0.16476
0.115738
0.054052
0.16494
0.115858
0.054372
0.165421
0.116539
0.054222
0.164901
0.11688
0.053611
0.165201
0.115508
0.053561
0.165501
0.117051
0.055214
0.16485
0.116309
0.054553
0.165181
0.116549
0.054092
0.165371
0.117131
0.054011
0.165582
0.116719
0.054362
0.164519
0.117351
0.05343
0.164319
0.115186
0.053591
0.174618
0.115668
0.054032
0.164249
0.115647
0.054182
0.16469
0.11689
0.054172
0.165642
0.116399
0.054081
0.164029
0.115929
0.054022
0.16465
0.11661
0.053731
0.16473
0.116068
0.054022
0.165181
0.115758
0.053992
0.16464
0.115557
0.054062
0.165111
0.11673
0.053952
0.165221
0.115848
0.054012
0.165131
0.115597
0.054322
0.16482
0.116309
0.053461
0.16448
0.116078
0.053711
0.165391
0.115868
0.054122
0.165923
0.115767
0.054021
0.165662
0.115587
0.054853
0.165542
0.115898
0.054172
0.164048
0.115969
0.053961
0.165081
0.116961
0.054673
0.165711
0.115928
0.053971
0.16454
0.116048
0.054212
0.165402
0.116249
0.054262
0.165191
0.116249
0.05347
0.165141
0.116079
0.053722
0.165903
0.117411
0.053892
0.164229
0.117451
0.05362
0.165462
0.115578
0.053972
0.165181
0.118433
0.053641
0.163929
0.117632
0.05352
0.164589
0.11702
0.054102
0.165521
0.115678
0.053731
0.164219
0.115677
0.053521
0.16479
0.115697
0.053951
0.165091
0.11702
0.053821
0.164911
0.115778
0.054924
0.16463
0.115577
0.053691
0.168708
0.115828
0.054252
0.16519
0.115858
0.054282
0.164249
0.116148
0.053661
0.16432
0.115889
0.054102
0.165151
0.115448
0.054523
0.164289
0.115798
0.053711
0.165001
0.11643
0.053862
0.1647
0.11695
0.053991
0.165752
0.116169
0.072266
0.16499
0.115527
0.053671
0.165993
0.115798
0.054192
0.1647
0.11644
0.054282
0.165522
0.116168
0.053821
0.16478
0.115878
0.053912
0.165702
0.115768
0.054642
0.16485
0.11649
0.054943
0.16481
0.115828
0.054302
0.16497
0.12247
0.054192
0.165371
0.115849
0.053681
0.164299
0.11737
0.054032
0.165551
0.11701
0.054152
0.16487
0.116199
0.054303
0.165091
0.115287
0.053961
0.164439
0.116238
0.05354
0.164419
0.115798
0.054132
0.16492
0.116038
0.05352
0.17565
0.116089
0.054162
0.165231
0.115617
0.053691
0.165231
0.116459
0.053471
0.164821
0.116589
0.053771
0.164659
0.116139
0.054923
0.165281
0.115778
0.054061
0.164179
0.115858
0.053821
0.16485
0.116009
0.053731
0.165471
0.115727
0.055203
0.167205
0.11669
0.053912
0.165412
0.116158
0.053691
0.16471
0.115548
0.054222
0.166353
0.115688
0.053441
0.164941
0.11706
0.053902
0.164139
0.115788
0.053691
0.165521
0.116479
0.053791
0.16478
0.116299
0.053681
0.165061
0.121559
0.054402
0.16499
0.115357
0.05327
0.165161
0.115878
0.053671
0.16468
0.116108
0.054182
0.165992
0.116229
0.053821
0.16507
0.115717
0.05334
0.165041
0.116178
0.053811
0.165451
0.11692
0.053481
0.165161
0.115658
0.054161
0.166644
0.116079
0.054131
0.164249
0.115838
0.054192
0.166113
0.11678
0.053821
0.164991
0.11681
0.053531
0.164981
0.115487
0.054152
0.164269
0.116389
0.054172
0.16476
0.116649
0.053641
0.166103
0.116649
0.054012
0.165211
0.11678
0.053391
0.166313
0.115658
0.053741
0.165742
0.116098
0.053881
0.165401
0.116178
0.053821
0.166233
0.115818
0.053651
0.165371
0.117371
0.054472
0.165251
0.116329
0.053261
0.165191
0.116078
0.053391
0.165081
0.115909
0.053971
0.164319
0.119685
0.053812
0.164609
0.115978
0.053571
0.16465
0.116279
0.053741
0.165391
0.115948
0.053851
0.16482
0.115768
0.053941
0.165281
0.115698
0.053821
0.163989
0.115648
0.054192
0.165251
0.116529
0.05352
0.16469
0.115307
0.054131
0.180229
0.115998
0.053921
0.165912
0.115538
0.053871
0.165601
0.116359
0.054512
0.16475
0.11669
0.054072
0.165462
0.11692
0.053681
0.165721
0.116789
0.053651
0.16467
0.115367
0.054022
0.16479
0.116449
0.053881
0.165181
0.116128
0.053992
0.168227
0.115778
0.054072
0.165722
0.116239
0.053902
0.165071
0.116139
0.053992
0.16494
0.116439
0.054122
0.165291
0.116049
0.053631
0.165321
0.11649
0.053781
0.164981
0.116489
0.053801
0.165852
0.116449
0.054132
0.165782
0.11679
0.054262
0.165611
0.115587
0.053882
0.16463
0.115948
0.054833
0.165451
0.115628
0.054012
0.165131
0.116049
0.053631
0.16456
0.116339
0.053841
0.164439
0.11655
0.053701
0.165732
0.11648
0.054052
0.16486
0.116138
0.054032
0.165631
0.115968
0.053651
0.164299
0.115778
0.053961
0.165372
0.115858
0.053902
0.164249
0.117491
0.054593
0.164409
0.115538
0.054142
0.164871
0.117421
0.054322
0.165852
0.116429
0.053601
0.165441
0.116259
0.053811
0.16475
0.115578
0.054042
0.183686
0.115568
0.053531
0.1645
0.116369
0.054032
0.164971
0.116248
0.054312
0.165061
0.115617
0.053691
0.165091
0.115757
0.053581
0.165632
0.116799
0.053471
0.165231
0.116739
0.054322
0.165702
0.116058
0.053581
0.16463
0.116629
0.054212
0.165411
0.115667
0.054552
0.16431
0.116038
0.054292
0.165422
0.117571
0.053501
0.166163
0.116148
0.053841
0.165611
0.116931
0.053912
0.165151
0.1169
0.054613
0.165191
0.116319
0.053671
0.16455
0.116199
0.054653
0.182895
0.117351
0.053611
0.164289
0.116078
0.053641
0.16496
0.116339
0.054803
0.165091
0.115437
0.054963
0.16478
0.116419
0.05348
0.16474
0.116669
0.054152
0.164961
0.116219
0.053641
0.165231
0.11704
0.053792
0.164008
0.116088
0.054052
0.168347
0.116078
0.054142
0.165151
0.115628
0.054192
0.164199
0.115638
0.054192
0.165141
0.117041
0.054192
0.16479
0.116689
0.053681
0.16464
0.116169
0.0536
0.165552
0.115938
0.053801
0.165281
0.115717
0.054262
0.16476
0.132269
0.054743
0.165892
0.11665
0.053691
0.165682
0.11672
0.054272
0.166854
0.116369
0.053721
0.165101
0.117331
0.053942
0.16477
0.116629
0.053631
0.164599
0.116529
0.053861
0.16498
0.115537
0.053931
0.16456
0.115858
0.054072
0.168798
0.117652
0.054362
0.165201
0.115717
0.054172
0.165391
0.116309
0.054403
0.16467
0.11692
0.053871
0.165361
0.116439
0.054091
0.165621
0.115828
0.053681
0.165782
0.116249
0.053942
0.165191
0.115787
0.054182
0.165291
0.117051
0.053691
0.173486
0.11644
0.054412
0.16492
0.116068
0.054292
0.16476
0.11688
0.053691
0.166513
0.116108
0.054262
0.16478
0.116229
0.053551
0.165331
0.115607
0.053761
0.16478
0.117521
0.055855
0.168807
0.119746
0.056216
0.169359
0.119555
0.055685
0.16473
0.116709
0.054202
0.16471
0.115528
0.053912
0.16478
0.115457
0.053942
0.165021
0.11659
0.053621
0.164991
0.11691
0.053531
0.165612
0.116859
0.055554
0.165331
0.115587
0.053941
0.164289
0.115658
0.054122
0.18061
0.11669
0.053962
0.16491
0.11664
0.053631
0.164469
0.115968
0.053691
0.16458
0.115667
0.053761
0.16457
0.116439
0.053972
0.165061
0.116599
0.053491
0.16481
0.115798
0.053912
0.165041
0.116059
0.054101
0.164259
0.11688
0.053641
0.171503
0.115818
0.054322
0.16495
0.115988
0.053861
0.164589
0.115588
0.053992
0.165231
0.11678
0.053691
0.164269
0.116118
0.054893
0.165321
0.116299
0.054192
0.1649
0.115678
0.054843
0.165161
0.116139
0.054182
0.165371
0.131718
0.055103
0.164871
0.116299
0.054272
0.16486
0.116238
0.053821
0.16463
0.115597
0.053911
0.165281
0.115848
0.053821
0.164951
0.115307
0.053541
0.164419
0.115888
0.053711
0.165672
0.116389
0.05344
0.165081
0.115928
0.054252
0.16474
0.117802
0.053791
0.165431
0.115678
0.054172
0.164389
0.116369
0.053631
0.16456
0.11677
0.053801
0.165071
0.11653
0.053571
0.165322
0.116079
0.054002
0.165131
0.115527
0.054252
0.164519
0.11653
0.053721
0.165572
0.116319
0.054232
0.169819
0.115378
0.054322
0.165061
0.116429
0.054572
0.164259
0.115858
0.054172
0.165542
0.116879
0.053782
0.16448
0.115698
0.054402
0.165191
0.115828
0.053962
0.16465
0.116208
0.053551
0.166103
0.115578
0.053932
0.16452
0.117421
0.054242
0.16496
0.115507
0.053831
0.16444
0.116008
0.053491
0.164931
0.115658
0.054343
0.164339
0.116008
0.054002
0.164249
0.115969
0.053771
0.165331
0.116649
0.053691
0.165111
0.116459
0.054112
0.16483
0.116359
0.054723
0.16512
0.117261
0.054172
0.165842
0.115788
0.054112
0.165983
0.115727
0.054733
0.165862
0.115568
0.053722
0.165281
0.116689
0.053922
0.164881
0.11653
0.054372
0.16475
0.115868
0.053792
0.16465
0.115698
0.054282
0.165041
0.115728
0.053591
0.16489
0.11709
0.053621
0.165391
0.115578
0.053721
0.16475
0.11675
0.054142
0.166683
0.116249
0.053922
0.165511
0.1169
0.053842
0.16471
0.11689
0.054542
0.165201
0.116268
0.053772
0.164981
0.115737
0.054082
0.16493
0.115858
0.054353
0.165842
0.11678
0.053661
0.16451
0.116199
0.054893
0.165302
0.116409
0.053871
0.165121
0.11649
0.054182
0.165111
0.117111
0.053531
0.165171
0.115757
0.053971
0.165382
0.11715
0.054312
0.16468
0.11676
0.053772
0.16496
0.11706
0.053901
0.165672
0.11654
0.05341
0.165531
0.11683
0.054192
0.165372
0.11711
0.053711
0.165301
0.115768
0.054563
0.165211
0.115628
0.054613
0.16467
0.115638
0.054313
0.165031
0.117621
0.053621
0.16509
0.115567
0.054472
0.181932
0.117001
0.05354
0.164971
0.115617
0.054092
0.16497
0.116028
0.053441
0.16487
0.116439
0.053611
0.165311
0.11682
0.053701
0.165552
0.117151
0.053842
0.165642
0.116941
0.053541
0.165582
0.117121
0.054222
0.165381
0.116609
0.054433
0.165712
0.116068
0.053771
0.166103
0.116039
0.053541
0.165221
0.1171
0.053481
0.165281
0.115858
0.053771
0.16487
0.117411
0.053441
0.165011
0.116569
0.053881
0.16454
0.115998
0.054322
0.165572
0.116089
0.054112
0.16464
0.117671
0.053711
0.164449
0.115778
0.054312
0.165702
0.115828
0.054082
0.164569
0.115557
0.054092
0.16483
0.11697
0.053751
0.165361
0.11687
0.054172
0.166553
0.116599
0.054452
0.16467
0.117221
0.053992
0.16461
0.117171
0.053812
0.165932
0.116049
0.053571
0.165231
0.116971
0.053511
0.165392
0.115998
0.053862
0.165692
0.115788
0.054101
0.165221
0.116329
0.054002
0.16482
0.11688
0.053671
0.164981
0.116138
0.053571
0.164821
0.116089
0.053972
0.164429
0.116509
0.055534
0.165602
0.116559
0.053701
0.164399
0.115647
0.054062
0.16486
0.116198
0.054233
0.164951
0.116339
0.054332
0.165782
0.116199
0.054513
0.16444
0.116349
0.053661
0.165622
0.115747
0.053631
0.165271
0.11685
0.054232
0.164279
0.116379
0.053871
0.165261
0.117692
0.054332
0.16461
0.117532
0.053511
0.16465
0.116078
0.053861
0.164579
0.115658
0.054032
0.165171
0.115537
0.054172
0.165181
0.11656
0.054342
0.164951
0.11661
0.053581
0.16444
0.115939
0.054242
0.182974
0.115618
0.054072
0.16498
0.116289
0.053561
0.16486
0.115808
0.053801
0.165011
0.11653
0.05359
0.164079
0.115577
0.053631
0.16485
0.115908
0.053742
0.165191
0.1169
0.053751
0.165322
0.115989
0.054302
0.165742
0.116609
0.055184
0.165281
0.116329
0.054102
0.16448
0.116279
0.053882
0.171843
0.116128
0.05347
0.165341
0.115868
0.053721
0.164891
0.115728
0.053561
0.165582
0.115628
0.054342
0.165331
0.115588
0.054132
0.16442
0.115958
0.054172
0.165401
0.11691
0.054212
0.165111
0.115557
0.053952
0.165041
0.115888
0.054032
0.16449
0.116039
0.053601
0.1647
0.115798
0.055023
0.165351
0.1165
0.054022
0.164931
0.116359
0.053861
0.1648
0.116389
0.053691
0.16476
0.1169
0.054042
0.166744
0.116139
0.053701
0.165562
0.11661
0.053911
0.165361
0.116499
0.053621
0.164609
0.115828
0.054743
0.16508
0.116119
0.054282
0.165101
0.115798
0.054462
0.16479
0.115898
0.05348
0.165381
0.115708
0.053521
0.164649
0.117311
0.055735
0.16503
0.116639
0.053681
0.165041
0.115818
0.054242
0.165632
0.115668
0.053912
0.165922
0.116509
0.053861
0.165802
0.11652
0.053942
0.16471
0.115988
0.053782
0.16501
0.11688
0.053661
0.16471
0.115838
0.053822
0.165111
0.116459
0.054653
0.16459
0.115668
0.054373
0.16492
0.115878
0.053881
0.164991
0.11672
0.053621
0.164971
0.116179
0.053801
0.16443
0.115557
0.053872
0.165381
0.115567
0.05304
0.165091
0.117031
0.054573
0.166223
0.11666
0.053741
0.167015
0.11698
0.053631
0.16468
0.115777
0.053681
0.165812
0.11692
0.054242
0.165672
0.115838
0.054242
0.1649
0.115357
0.054523
0.16486
0.116469
0.053581
0.1646
0.11649
0.053911
0.165181
0.115397
0.054553
0.16476
0.115467
0.053461
0.247286
0.11659
0.053842
0.164941
0.116209
0.054342
0.165762
0.116229
0.054192
0.165682
0.115768
0.053651
0.165071
0.116329
0.053941
0.16468
0.116539
0.053701
0.165241
0.116108
0.054362
0.165331
0.116078
0.053671
0.16505
0.116178
0.054993
0.16446
0.116089
0.053711
0.165742
0.116779
0.054312
0.16476
0.117421
0.053751
0.165351
0.11719
0.054342
0.165872
0.116369
0.053822
0.165942
0.116089
0.054152
0.164429
0.117351
0.053891
0.165411
0.1167
0.054162
0.165361
0.116269
0.053852
0.16467
0.117201
0.053892
0.16484
0.11705
0.054082
0.165011
0.117531
0.054192
0.166504
0.115869
0.053601
0.166965
0.116239
0.054333
0.16446
0.117391
0.054282
0.165963
0.116129
0.053952
0.16479
0.117211
0.054933
0.165441
0.116328
0.053882
0.16496
0.116009
0.053921
0.165892
0.115788
0.054803
0.16477
0.116359
0.054292
0.165191
0.117121
0.054162
0.16472
0.115668
0.053511
0.165712
0.1166
0.053681
0.165833
0.116649
0.053721
0.165231
0.120586
0.053691
0.16517
0.116269
0.054232
0.16522
0.11664
0.053781
0.164941
0.11685
0.054462
0.16513
0.116309
0.053791
0.165211
0.116499
0.054292
0.164811
0.11689
0.053671
0.165522
0.11695
0.053531
0.165552
0.11695
0.053852
0.174168
0.117462
0.054212
0.166394
0.116279
0.053301
0.165512
0.116249
0.053701
0.166232
0.117481
0.054012
0.1651
0.116489
0.054142
0.164259
0.117
0.053521
0.165852
0.116719
0.053971
0.165742
0.11691
0.053641
0.16484
0.116148
0.057699
0.165632
0.115979
0.054522
0.165341
0.116249
0.053741
0.165382
0.116208
0.054212
0.165802
0.11687
0.054363
0.165522
0.116479
0.053541
0.165993
0.117471
0.053851
0.166082
0.11711
0.054462
0.166463
0.116289
0.053751
0.16481
0.118593
0.054072
0.165582
0.116569
0.053791
0.165592
0.116249
0.054121
0.16478
0.115457
0.054532
0.165462
0.116099
0.054031
0.16472
0.116269
0.053892
0.165251
0.11705
0.054542
0.1643
0.116058
0.05339
0.166393
0.116349
0.053681
0.167485
0.11689
0.053631
0.165391
0.117381
0.054182
0.164239
0.116439
0.053931
0.166523
0.116409
0.053671
0.165301
0.11681
0.05345
0.165231
0.116379
0.054232
0.16481
0.115627
0.053461
0.16469
0.11668
0.053321
0.164951
0.119465
0.054122
0.16502
0.116159
0.054192
0.16518
0.116029
0.054162
0.165431
0.116559
0.053621
0.165111
0.115989
0.053331
0.165301
0.11673
0.053561
0.16491
0.11687
0.054022
0.165391
0.115477
0.054773
0.164349
0.116539
0.054382
0.165421
0.117311
0.053781
0.165231
0.11695
0.053742
0.165592
0.11701
0.053611
0.16475
0.115978
0.054242
0.1648
0.115908
0.053962
0.165451
0.115808
0.054202
0.166193
0.116599
0.053751
0.165541
0.116149
0.053631
0.165231
0.116629
0.054112
0.173236
0.115808
0.053792
0.164871
0.117481
0.054061
0.165932
0.115827
0.053741
0.165722
0.11687
0.053932
0.164619
0.116599
0.053901
0.165161
0.117391
0.053911
0.164469
0.11716
0.053651
0.165402
0.116599
0.054122
0.165952
0.115948
0.05845
0.165471
0.116399
0.054363
0.16454
0.115747
0.054262
0.16454
0.116088
0.053581
0.165171
0.115528
0.054102
0.165842
0.115828
0.053741
0.166133
0.11698
0.0535
0.16447
0.11688
0.054142
0.166043
0.116038
0.054192
0.16482
0.117221
0.053831
0.16457
0.116059
0.053931
0.165392
0.117391
0.053661
0.16473
0.115838
0.053851
0.16446
0.115707
0.053781
0.165652
0.115597
0.053341
0.16466
0.11699
0.053951
0.165732
0.116059
0.053731
0.165542
0.115477
0.05347
0.165181
0.116229
0.053711
0.165491
0.117541
0.054253
0.16502
0.1168
0.054001
0.1647
0.116169
0.054042
0.164409
0.115818
0.053551
0.165311
0.116689
0.054292
0.165101
0.116569
0.053761
0.165492
0.115758
0.054443
0.165251
0.115908
0.055024
0.167004
0.116699
0.054172
0.165201
0.115958
0.054102
0.165071
0.116289
0.054262
0.165081
0.115587
0.053731
0.165602
0.1172
0.054283
0.165311
0.116259
0.053791
0.165271
0.116208
0.053621
0.165421
0.116199
0.054102
0.16467
0.116209
0.054051
0.1646
0.115697
0.053471
0.16475
0.117341
0.05352
0.16503
0.116249
0.053922
0.166774
0.11718
0.054002
0.16491
0.115858
0.054182
0.165422
0.117381
0.053891
0.16462
0.11734
0.053821
0.165331
0.117361
0.053952
0.169098
0.11645
0.053661
0.164951
0.116609
0.054182
0.16457
0.115868
0.053601
0.165141
0.117251
0.054262
0.166192
0.116239
0.054393
0.16484
0.11684
0.053551
0.165812
0.116609
0.054092
0.165191
0.11702
0.053912
0.165782
0.11694
0.054132
0.165883
0.116259
0.053961
0.1647
0.11667
0.053681
0.16468
0.11696
0.054062
0.165391
0.11682
0.053851
0.165451
0.116289
0.053611
0.16498
0.115678
0.054182
0.1648
0.116199
0.054562
0.165612
0.116118
0.054022
0.165491
0.11709
0.053561
0.165602
0.116028
0.054002
0.16466
0.120907
0.054031
0.16518
0.11658
0.054091
0.164931
0.11723
0.054242
0.165472
0.11712
0.054112
0.165191
0.11688
0.053731
0.16467
0.115958
0.054262
0.165151
0.116409
0.053561
0.166704
0.115988
0.053471
0.165141
0.115488
0.053991
0.165001
0.116619
0.053561
0.16479
0.115547
0.054022
0.165101
0.11679
0.053732
0.166042
0.116148
0.053841
0.165692
0.115928
0.053661
0.16434
0.115317
0.054313
0.164179
0.115597
0.054943
0.16506
0.115848
0.053751
0.165031
0.115618
0.053571
0.16497
0.116259
0.053731
0.16479
0.115708
0.054442
0.164429
0.11688
0.054112
0.165651
0.116259
0.053411
0.164429
0.117411
0.054323
0.16474
0.116369
0.053942
0.165121
0.117421
0.053912
0.165
0.115818
0.053421
0.165191
0.115387
0.054493
0.16455
0.115909
0.053992
0.16459
0.115998
0.053641
0.165051
0.116008
0.053701
0.165131
0.116279
0.05345
0.16467
0.116038
0.053481
0.16478
0.115758
0.054553
0.179258
0.11658
0.054292
0.165431
0.115467
0.054302
0.16509
0.115939
0.053641
0.165231
0.116509
0.053671
0.166052
0.115467
0.054433
0.16463
0.115708
0.054051
0.165411
0.11663
0.053871
0.16473
0.115768
0.054422
0.16511
0.116309
0.054262
0.165561
0.116309
0.053851
0.1651
0.116719
0.053711
0.165572
0.116048
0.053881
0.165061
0.115878
0.053911
0.165601
0.116579
0.05349
0.164901
0.115938
0.053761
0.165391
0.115638
0.054292
0.165011
0.115708
0.054001
0.16463
0.117642
0.054733
0.16452
0.115928
0.054051
0.164109
0.115798
0.05348
0.165201
0.116008
0.054102
0.165001
0.116539
0.053541
0.16435
0.115878
0.053621
0.164459
0.116569
0.054162
0.165101
0.115568
0.054041
0.163988
0.115497
0.053631
0.166964
0.11663
0.053752
0.165451
0.116348
0.053851
0.165832
0.116198
0.053621
0.16464
0.115737
0.054092
0.16445
0.116279
0.054773
0.165041
0.116189
0.053821
0.167395
0.115407
0.053481
0.165211
0.116149
0.054102
0.165231
0.116729
0.071614
0.16515
0.115467
0.054202
0.16451
0.116019
0.053551
0.16487
0.115788
0.054042
0.16445
0.115658
0.053591
0.165251
0.11651
0.054072
0.16471
0.115878
0.053992
0.16511
0.115577
0.053811
0.16438
0.115708
0.053661
0.16457
0.11667
0.054152
0.165592
0.115978
0.053691
0.1648
0.115808
0.053571
0.164259
0.117181
0.053531
0.1646
0.115918
0.054192
0.16479
0.116459
0.053882
0.163828
0.115898
0.05345
0.166003
0.115898
0.053741
0.165091
0.115908
0.053761
0.172074
0.115878
0.054242
0.165411
0.115507
0.054002
0.165612
0.115778
0.053791
0.165031
0.116068
0.054222
0.165371
0.116038
0.053991
0.16499
0.11672
0.053581
0.165883
0.11698
0.054031
0.166373
0.117511
0.055073
0.165071
0.116389
0.054252
0.16479
0.115648
0.054082
0.164129
0.116088
0.054673
0.165752
0.11696
0.054463
0.165933
0.116369
0.053742
0.165581
0.116339
0.054032
0.164771
0.115929
0.053821
0.165161
0.115828
0.053951
0.16458
0.11672
0.054122
0.165351
0.134603
0.053731
0.16472
0.11649
0.053771
0.165191
0.115938
0.054272
0.16498
0.115888
0.053931
0.16455
0.116279
0.053631
0.16478
0.117131
0.053871
0.16461
0.115698
0.054793
0.165652
0.116028
0.054532
0.165031
0.116269
0.054683
0.167045
0.117421
0.054212
0.165261
0.115878
0.053711
0.166894
0.11647
0.054002
0.165522
0.115648
0.053681
0.164049
0.116128
0.054162
0.16472
0.116579
0.054603
0.165752
0.116269
0.053541
0.164509
0.117241
0.053691
0.165361
0.117521
0.070683
0.165862
0.11642
0.053711
0.164961
0.11657
0.053832
0.164499
0.115788
0.054082
0.16469
0.116329
0.054071
0.164991
0.115798
0.054392
0.163818
0.115588
0.053942
0.16469
0.116049
0.054573
0.165852
0.115517
0.053701
0.165321
0.117661
0.053781
0.165131
0.115587
0.053731
0.16496
0.11686
0.053561
0.165762
0.116991
0.053601
0.165341
0.115717
0.054573
0.165391
0.116599
0.053902
0.165051
0.115969
0.05356
0.165081
0.116079
0.053781
0.164751
0.115517
0.054643
0.180269
0.116409
0.054653
0.165051
0.115527
0.053951
0.164359
0.115728
0.053771
0.164941
0.115548
0.053872
0.164971
0.115368
0.05341
0.165131
0.116268
0.05342
0.16462
0.116118
0.054462
0.164389
0.116219
0.053641
0.165101
0.116179
0.053992
0.165592
0.116689
0.053671
0.164389
0.11678
0.054151
0.16499
0.115548
0.054252
0.16477
0.116299
0.053781
0.16501
0.117421
0.053581
0.16465
0.116981
0.053651
0.16493
0.115958
0.053942
0.16489
0.115838
0.054082
0.166263
0.116589
0.054132
0.165291
0.116299
0.054533
0.16469
0.117481
0.053581
0.165442
0.116119
0.053741
0.165572
0.11677
0.053681
0.1647
0.115588
0.054151
0.165672
0.115879
0.053581
0.164479
0.1167
0.053671
0.165311
0.11692
0.053732
0.16466
0.121298
0.054022
0.164489
0.11674
0.053732
0.164971
0.117441
0.053991
0.164519
0.116089
0.053832
0.164089
0.115808
0.053801
0.16466
0.115698
0.054283
0.164439
0.11686
0.053931
0.165091
0.115518
0.054823
0.165021
0.115868
0.054011
0.171613
0.116038
0.053631
0.16491
0.116579
0.053991
0.16469
0.1169
0.05356
0.165381
0.116078
0.054272
0.165281
0.115888
0.054352
0.165061
0.115728
0.053791
0.165511
0.11689
0.053982
0.165391
0.116099
0.053621
0.16493
0.116179
0.054342
0.164941
0.116379
0.053711
0.165141
0.115858
0.053491
0.164891
0.115818
0.053701
0.16469
0.11693
0.054001
0.16474
0.116069
0.054032
0.164891
0.115848
0.053882
0.16474
0.115588
0.053561
0.165542
0.11676
0.053782
0.16454
0.11699
0.053601
0.1647
0.116209
0.053891
0.16445
0.115577
0.054182
0.16462
0.116049
0.054283
0.16504
0.116009
0.053701
0.165201
0.116429
0.054282
0.165661
0.115879
0.054533
0.164811
0.11718
0.053761
0.165922
0.11708
0.054012
0.166093
0.116279
0.05342
0.16452
0.115778
0.053791
0.165481
0.115628
0.053902
0.164871
0.115507
0.054222
0.16487
0.11686
0.054202
0.164439
0.116229
0.053812
0.165271
0.115757
0.053942
0.165341
0.115828
0.053771
0.165953
0.115788
0.069952
0.165752
0.115798
0.053822
0.164921
0.115638
0.053732
0.16463
0.117261
0.053981
0.165852
0.116569
0.054132
0.16462
0.117091
0.053711
0.164349
0.115397
0.053881
0.164389
0.115878
0.054402
0.164941
0.116069
0.053561
0.164249
0.11679
0.054001
0.1647
0.117241
0.054011
0.16458
0.11686
0.053611
0.165131
0.116559
0.053801
0.165491
0.11702
0.054102
0.164479
0.115528
0.053861
0.166984
0.115698
0.054032
0.1647
0.115517
0.053331
0.16441
0.116689
0.053941
0.165962
0.117421
0.054052
0.165161
0.11705
0.054142
0.165722
0.116379
0.054122
0.165672
0.11695
0.053611
0.164851
0.116118
0.053941
0.16462
0.115838
0.053741
0.164821
0.116069
0.053771
0.16464
0.116569
0.05358
0.1648
0.116088
0.055044
0.164991
0.116008
0.053621
0.16448
0.116459
0.053851
0.165451
0.11704
0.053902
0.16445
0.115707
0.053931
0.164439
0.116639
0.053781
0.165862
0.115617
0.053571
0.165392
0.117141
0.053731
0.164599
0.116549
0.05364
0.165081
0.141086
0.054363
0.165482
0.117001
0.053571
0.165241
0.117492
0.054282
0.164379
0.116589
0.053971
0.165191
0.115758
0.053811
0.16457
0.11654
0.053881
0.165371
0.11636
0.054302
0.16459
0.115698
0.054172
0.164049
0.115899
0.053671
0.167826
0.115998
0.054353
0.165431
0.115758
0.054232
0.16471
0.116039
0.05343
0.1648
0.116299
0.053751
0.16459
0.115868
0.053972
0.16486
0.115187
0.053601
0.16471
0.116048
0.053701
0.16456
0.117001
0.053822
0.16456
0.115468
0.054072
0.165402
0.1169
0.053631
0.164991
0.116269
0.054223
0.165371
0.115537
0.053721
0.16461
0.115587
0.053911
0.165091
0.115968
0.053911
0.16445
0.115818
0.053521
0.16475
0.117181
0.054001
0.16465
0.11691
0.053501
0.16462
0.116259
0.053991
0.16448
0.116249
0.054533
0.164149
0.115858
0.053571
0.16468
0.116299
0.054102
0.165722
0.115958
0.054252
0.16479
0.115988
0.053661
0.164951
0.115467
0.053611
0.165051
0.11683
0.054021
0.165181
0.11699
0.053932
0.190208
0.11674
0.053711
0.16459
0.116669
0.053691
0.164489
0.117351
0.05339
0.16495
0.117311
0.053931
0.1645
0.116549
0.053641
0.164649
0.115958
0.053621
0.164901
0.115778
0.053681
0.165561
0.115478
0.053952
0.16479
0.116609
0.054192
0.165361
0.116008
0.053831
0.165382
0.115808
0.053901
0.16495
0.11679
0.053711
0.165672
0.115999
0.054022
0.165842
0.115999
0.054121
0.165241
0.117021
0.054042
0.165642
0.11677
0.054372
0.165111
0.11675
0.053861
0.165412
0.126719
0.054733
0.165682
0.115818
0.053741
0.165933
0.11673
0.05358
0.166243
0.115587
0.053832
0.165281
0.115978
0.053691
0.165061
0.115808
0.054042
0.16439
0.115627
0.054001
0.165662
0.116008
0.05363
0.165702
0.116029
0.053751
0.165111
0.116139
0.053631
0.165661
0.116539
0.054242
0.165812
0.115688
0.053911
0.166102
0.116068
0.053832
0.166203
0.116029
0.053782
0.164891
0.11678
0.053511
0.1646
0.116079
0.053561
0.164159
0.115587
0.053661
0.16493
0.116419
0.053791
0.194345
0.116189
0.054102
0.1648
0.115998
0.053731
0.165361
0.115738
0.053641
0.16476
0.11702
0.053772
0.16437
0.115658
0.053932
0.165872
0.115988
0.053561
0.16507
0.11649
0.053691
0.16471
0.116579
0.05347
0.165101
0.115788
0.054292
0.16496
0.115928
0.053772
0.16456
0.116499
0.054012
0.165351
0.115989
0.054202
0.165241
0.115287
0.054202
0.165191
0.11723
0.053701
0.165571
0.115658
0.053601
0.165913
0.11695
0.054232
0.164881
0.11679
0.054032
0.16493
0.117321
0.053641
0.16484
0.115878
0.053471
0.165742
0.116008
0.053621
0.165742
0.11707
0.05357
0.16491
0.115527
0.053871
0.16502
0.115737
0.053691
0.165161
0.115979
0.054002
0.165421
0.115929
0.054192
0.166143
0.115939
0.05353
0.1703
0.116229
0.053801
0.164119
0.115758
0.053962
0.164219
0.116119
0.053772
0.165321
0.115618
0.053771
0.164941
0.116078
0.053421
0.164319
0.115758
0.053521
0.164359
0.115888
0.053621
0.16445
0.115868
0.053931
0.164639
0.11662
0.055464
0.166192
0.115968
0.053812
0.16496
0.116048
0.053641
0.166162
0.117541
0.053251
0.16503
0.115728
0.054282
0.16491
0.115267
0.053361
0.164881
0.11687
0.053802
0.16477
0.116379
0.053531
0.16458
0.115818
0.054042
0.16501
0.11713
0.053711
0.1645
0.115988
0.053982
0.16492
0.1167
0.053281
0.164439
0.11676
0.053891
0.165592
0.11686
0.054071
0.16464
0.116669
0.053821
0.163958
0.115608
0.054272
0.16462
0.115558
0.053802
0.164951
0.116019
0.054403
0.170741
0.116099
0.054102
0.164811
0.116128
0.054242
0.16505
0.116689
0.053601
0.16481
0.11695
0.054192
0.16481
0.116429
0.053671
0.165291
0.115848
0.054222
0.16445
0.116029
0.053992
0.164319
0.115868
0.054162
0.16484
0.115869
0.056837
0.165071
0.116329
0.053861
0.16481
0.116619
0.053631
0.16463
0.117281
0.054232
0.165682
0.115908
0.053991
0.164881
0.115517
0.054753
0.165571
0.116088
0.05342
0.165201
0.116259
0.053541
0.1648
0.116961
0.054021
0.165532
0.117771
0.054343
0.165652
0.116028
0.055104
0.164149
0.115808
0.053862
0.16459
0.115878
0.053651
0.165261
0.11668
0.054072
0.1644
0.117321
0.053971
0.16466
0.116008
0.05341
0.16472
0.115958
0.054803
0.165221
0.115428
0.053641
0.165341
0.116179
0.054052
0.1648
0.115989
0.054202
0.166594
0.11637
0.053791
0.165432
0.11663
0.053952
0.16474
0.115207
0.054212
0.165973
0.115778
0.054442
0.16472
0.115628
0.053671
0.16433
0.115908
0.053782
0.165001
0.115598
0.055685
0.164951
0.11667
0.053601
0.165272
0.116839
0.053831
0.16456
0.115478
0.054593
0.163748
0.11642
0.053792
0.164771
0.116318
0.054142
0.16456
0.11707
0.053861
0.165702
0.11702
0.053691
0.1651
0.116991
0.054152
0.165181
0.116259
0.053881
0.164409
0.116088
0.053461
0.164149
0.115497
0.054061
0.165722
0.115898
0.053831
0.165071
0.116089
0.054052
0.16464
0.115989
0.053461
0.165672
0.116729
0.053701
0.165522
0.116209
0.053761
0.165542
0.11657
0.05343
0.182233
0.116369
0.053922
0.165682
0.116519
0.053882
0.16453
0.116619
0.053971
0.165641
0.117431
0.053862
0.16452
0.116099
0.053641
0.16474
0.116018
0.053641
0.165081
0.116258
0.05364
0.16479
0.116159
0.054423
0.164761
0.116068
0.054582
0.164529
0.116248
0.053701
0.16461
0.116059
0.053851
0.16459
0.116279
0.054833
0.16461
0.115938
0.05344
0.16486
0.116459
0.053571
0.16443
0.114796
0.054362
0.163988
0.11684
0.053521
0.16453
0.116539
0.053882
0.16489
0.133381
0.053851
0.164991
0.11684
0.053891
0.16478
0.11709
0.05342
0.163828
0.115648
0.053811
0.165091
0.115948
0.053591
0.164831
0.116689
0.053891
0.16473
0.115608
0.054102
0.165312
0.115547
0.054152
0.165311
0.115858
0.054042
0.167254
0.11674
0.054012
0.16503
0.118974
0.053591
0.164881
0.115518
0.054021
0.16494
0.115508
0.054402
0.1645
0.11646
0.053671
0.166574
0.116129
0.054893
0.164821
0.116329
0.053551
0.16498
0.116059
0.054052
0.16477
0.115628
0.072497
0.166434
0.1165
0.05333
0.16468
0.116509
0.053521
0.16505
0.115558
0.054182
0.16446
0.116028
0.054432
0.166002
0.116649
0.053631
0.164961
0.115768
0.05358
0.165241
0.115797
0.053911
0.16445
0.115918
0.054212
0.164209
0.11713
0.054432
0.165372
0.116108
0.054122
0.1647
0.11681
0.053882
0.165362
0.11684
0.053631
0.16468
0.115838
0.053932
0.165071
0.11696
0.053571
0.165762
0.11659
0.054462
0.165291
0.11657
0.053902
0.165843
0.116229
0.054012
0.165952
0.11718
0.053911
0.16475
0.116239
0.053811
0.16506
0.116689
0.054323
0.165061
0.116149
0.053731
0.165341
0.115528
0.054723
0.164309
0.115637
0.054082
0.165401
0.115518
0.05331
0.164901
0.115587
0.054032
0.164449
0.115678
0.05354
0.165291
0.115227
0.053581
0.164901
0.115607
0.054162
0.111381, 0.0536779, 0.115796, 0.16467, 
0.112959, 0.0546734, 0.117501, 0.166702, 
